Simple Laplace in Cartesian
X (m)
Y (m)
1
100
1
100
100
100
0,0,0,0,0,0,0,0,0,0,0,0,0,0,0,0,0,0,0,0,0,0,0,0,0,0,0,0,0,0,0,0,0,0,0,0,0,0,0,0,0,0,0,0,0,0,0,0,0,0,0,0,0,0,0,0,0,0,0,0,0,0,0,0,0,0,0,0,0,0,0,0,0,0,0,0,0,0,0,0,0,0,0,0,0,0,0,0,0,0,0,0,0,0,0,0,0,0,0,0,0,
0,0.00109436,0.00218759,0.00327856,0.00436615,0.00544924,0.00652672,0.00759749,0.00866043,0.00971448,0.0107586,0.0117916,0.0128125,0.0138204,0.0148141,0.0157927,0.0167552,0.0177007,0.0186281,0.0195367,0.0204255,0.0212937,0.0221404,0.0229647,0.023766,0.0245435,0.0252963,0.0260239,0.0267255,0.0274005,0.0280482,0.0286681,0.0292596,0.0298222,0.0303553,0.0308585,0.0313313,0.0317733,0.0321842,0.0325635,0.0329109,0.0332262,0.033509,0.0337591,0.0339763,0.0341604,0.0343113,0.0344287,0.0345127,0.0345631,0.0345799,0.0345631,0.0345127,0.0344287,0.0343113,0.0341604,0.0339763,0.0337591,0.033509,0.0332262,0.0329109,0.0325635,0.0321842,0.0317733,0.0313313,0.0308585,0.0303553,0.0298222,0.0292596,0.0286681,0.0280482,0.0274005,0.0267255,0.0260239,0.0252963,0.0245435,0.023766,0.0229647,0.0221404,0.0212937,0.0204255,0.0195367,0.0186281,0.0177007,0.0167552,0.0157927,0.0148141,0.0138204,0.0128125,0.0117916,0.0107586,0.00971448,0.00866043,0.00759749,0.00652672,0.00544924,0.00436615,0.00327856,0.00218759,0.00109436,0,
0,0.00218984,0.00437743,0.0065605,0.0087368,0.0109041,0.0130602,0.0152028,0.0173298,0.0194389,0.0215281,0.0235953,0.0256382,0.0276549,0.0296433,0.0316015,0.0335275,0.0354193,0.0372752,0.0390932,0.0408717,0.0426089,0.044303,0.0459525,0.0475559,0.0491115,0.0506179,0.0520737,0.0534776,0.0548282,0.0561242,0.0573646,0.0585481,0.0596738,0.0607405,0.0617473,0.0626934,0.0635779,0.0643999,0.0651589,0.0658541,0.0664849,0.0670507,0.0675512,0.0679857,0.0683541,0.0686559,0.0688909,0.0690589,0.0691598,0.0691934,0.0691598,0.0690589,0.0688909,0.0686559,0.0683541,0.0679857,0.0675512,0.0670507,0.0664849,0.0658541,0.0651589,0.0643999,0.0635779,0.0626934,0.0617473,0.0607405,0.0596738,0.0585481,0.0573646,0.0561242,0.0548282,0.0534776,0.0520737,0.0506179,0.0491115,0.0475559,0.0459525,0.044303,0.0426089,0.0408717,0.0390932,0.0372752,0.0354193,0.0335275,0.0316015,0.0296433,0.0276549,0.0256382,0.0235953,0.0215281,0.0194389,0.0173298,0.0152028,0.0130602,0.0109041,0.0087368,0.0065605,0.00437743,0.00218984,0,
0,0.00328759,0.00657178,0.0098492,0.0131165,0.0163702,0.0196071,0.0228237,0.0260169,0.0291833,0.0323198,0.0354231,0.0384901,0.0415177,0.0445028,0.0474425,0.0503339,0.053174,0.05596,0.0586893,0.0613592,0.063967,0.0665103,0.0689866,0.0713935,0.0737287,0.0759901,0.0781755,0.0802829,0.0823104,0.084256,0.0861179,0.0878946,0.0895843,0.0911856,0.092697,0.0941171,0.0954448,0.0966788,0.0978181,0.0988616,0.0998085,0.100658,0.101409,0.102061,0.102614,0.103067,0.10342,0.103672,0.103824,0.103874,0.103824,0.103672,0.10342,0.103067,0.102614,0.102061,0.101409,0.100658,0.0998085,0.0988616,0.0978181,0.0966788,0.0954448,0.0941171,0.092697,0.0911856,0.0895843,0.0878946,0.0861179,0.084256,0.0823104,0.0802829,0.0781755,0.0759901,0.0737287,0.0713935,0.0689866,0.0665103,0.063967,0.0613592,0.0586893,0.05596,0.053174,0.0503339,0.0474425,0.0445028,0.0415177,0.0384901,0.0354231,0.0323198,0.0291833,0.0260169,0.0228237,0.0196071,0.0163702,0.0131165,0.0098492,0.00657178,0.00328759,0,
0,0.00438872,0.00877292,0.0131481,0.0175096,0.0218531,0.0261741,0.0304682,0.0347308,0.0389577,0.0431446,0.0472873,0.0513814,0.0554229,0.0594077,0.0633319,0.0671915,0.0709826,0.0747017,0.0783449,0.0819087,0.0853897,0.0887846,0.0920899,0.0953027,0.0984198,0.101438,0.104355,0.107168,0.109874,0.112471,0.114957,0.117328,0.119583,0.121721,0.123738,0.125633,0.127405,0.129052,0.130573,0.131966,0.13323,0.134363,0.135366,0.136236,0.136974,0.137579,0.13805,0.138387,0.138589,0.138656,0.138589,0.138387,0.13805,0.137579,0.136974,0.136236,0.135366,0.134363,0.13323,0.131966,0.130573,0.129052,0.127405,0.125633,0.123738,0.121721,0.119583,0.117328,0.114957,0.112471,0.109874,0.107168,0.104355,0.101438,0.0984198,0.0953027,0.0920899,0.0887846,0.0853897,0.0819087,0.0783449,0.0747017,0.0709826,0.0671915,0.0633319,0.0594077,0.0554229,0.0513814,0.0472873,0.0431446,0.0389577,0.0347308,0.0304682,0.0261741,0.0218531,0.0175096,0.0131481,0.00877292,0.00438872,0,
0,0.00549439,0.0109831,0.0164605,0.0219209,0.0273586,0.0327682,0.0381439,0.0434804,0.0487722,0.0540138,0.0591999,0.0643253,0.0693848,0.0743733,0.0792858,0.0841175,0.0888635,0.0935191,0.0980798,0.102541,0.106899,0.111148,0.115286,0.119308,0.123209,0.126988,0.130639,0.13416,0.137548,0.140798,0.143909,0.146877,0.1497,0.152375,0.1549,0.157273,0.159491,0.161552,0.163456,0.165199,0.166781,0.1682,0.169454,0.170544,0.171468,0.172225,0.172814,0.173235,0.173488,0.173572,0.173488,0.173235,0.172814,0.172225,0.171468,0.170544,0.169454,0.1682,0.166781,0.165199,0.163456,0.161552,0.159491,0.157273,0.1549,0.152375,0.1497,0.146877,0.143909,0.140798,0.137548,0.13416,0.130639,0.126988,0.123209,0.119308,0.115286,0.111148,0.106899,0.102541,0.0980798,0.0935191,0.0888635,0.0841175,0.0792858,0.0743733,0.0693848,0.0643253,0.0591999,0.0540138,0.0487722,0.0434804,0.0381439,0.0327682,0.0273586,0.0219209,0.0164605,0.0109831,0.00549439,0,
0,0.00660573,0.0132046,0.0197899,0.0263547,0.0328923,0.039396,0.045859,0.0522748,0.0586367,0.0649384,0.0711733,0.0773351,0.0834177,0.0894149,0.0953207,0.101129,0.106835,0.112431,0.117914,0.123277,0.128515,0.133624,0.138598,0.143432,0.148123,0.152665,0.157054,0.161286,0.165358,0.169265,0.173004,0.176572,0.179965,0.183181,0.186216,0.189067,0.191733,0.194211,0.196498,0.198594,0.200495,0.2022,0.203708,0.205018,0.206128,0.207038,0.207746,0.208252,0.208556,0.208658,0.208556,0.208252,0.207746,0.207038,0.206128,0.205018,0.203708,0.2022,0.200495,0.198594,0.196498,0.194211,0.191733,0.189067,0.186216,0.183181,0.179965,0.176572,0.173004,0.169265,0.165358,0.161286,0.157054,0.152665,0.148123,0.143432,0.138598,0.133624,0.128515,0.123277,0.117914,0.112431,0.106835,0.101129,0.0953207,0.0894149,0.0834177,0.0773351,0.0711733,0.0649384,0.0586367,0.0522748,0.045859,0.039396,0.0328923,0.0263547,0.0197899,0.0132046,0.00660573,0,
0,0.0077239,0.0154398,0.0231398,0.0308158,0.03846,0.0460644,0.0536214,0.061123,0.0685616,0.0759297,0.0832197,0.0904242,0.097536,0.104548,0.111453,0.118244,0.124915,0.131458,0.137868,0.144138,0.150262,0.156234,0.162049,0.167701,0.173184,0.178494,0.183625,0.188573,0.193332,0.1979,0.202271,0.206441,0.210408,0.214166,0.217714,0.221047,0.224163,0.227059,0.229733,0.232182,0.234404,0.236398,0.238161,0.239691,0.240989,0.242052,0.24288,0.243472,0.243827,0.243945,0.243827,0.243472,0.24288,0.242052,0.240989,0.239691,0.238161,0.236398,0.234404,0.232182,0.229733,0.227059,0.224163,0.221047,0.217714,0.214166,0.210408,0.206441,0.202271,0.1979,0.193332,0.188573,0.183625,0.178494,0.173184,0.167701,0.162049,0.156234,0.150262,0.144138,0.137868,0.131458,0.124915,0.118244,0.111453,0.104548,0.097536,0.0904242,0.0832197,0.0759297,0.0685616,0.061123,0.0536214,0.0460644,0.03846,0.0308158,0.0231398,0.0154398,0.0077239,0,
0,0.00885006,0.017691,0.0265136,0.0353087,0.0440673,0.0527804,0.061439,0.0700341,0.0785571,0.0869991,0.0953515,0.103606,0.111754,0.119788,0.127699,0.135479,0.143122,0.150618,0.157962,0.165145,0.172161,0.179002,0.185664,0.192138,0.198419,0.204502,0.210379,0.216047,0.221499,0.226731,0.231738,0.236515,0.241058,0.245363,0.249426,0.253244,0.256813,0.260131,0.263193,0.265998,0.268543,0.270826,0.272845,0.274598,0.276084,0.277302,0.27825,0.278928,0.279335,0.27947,0.279335,0.278928,0.27825,0.277302,0.276084,0.274598,0.272845,0.270826,0.268543,0.265998,0.263193,0.260131,0.256813,0.253244,0.249426,0.245363,0.241058,0.236515,0.231738,0.226731,0.221499,0.216047,0.210379,0.204502,0.198419,0.192138,0.185664,0.179002,0.172161,0.165145,0.157962,0.150618,0.143122,0.135479,0.127699,0.119788,0.111754,0.103606,0.0953515,0.0869991,0.0785571,0.0700341,0.061439,0.0527804,0.0440673,0.0353087,0.0265136,0.017691,0.00885006,0,
0,0.00998538,0.0199604,0.0299148,0.0398381,0.0497203,0.0595509,0.0693201,0.0790175,0.0886335,0.098158,0.107581,0.116894,0.126087,0.13515,0.144075,0.152853,0.161474,0.169931,0.178215,0.186319,0.194233,0.201951,0.209465,0.216768,0.223854,0.230714,0.237344,0.243737,0.249886,0.255787,0.261434,0.266822,0.271946,0.276802,0.281384,0.28569,0.289715,0.293456,0.29691,0.300073,0.302943,0.305518,0.307795,0.309772,0.311448,0.312821,0.31389,0.314655,0.315113,0.315266,0.315113,0.314655,0.31389,0.312821,0.311448,0.309772,0.307795,0.305518,0.302943,0.300073,0.29691,0.293456,0.289715,0.28569,0.281384,0.276802,0.271946,0.266822,0.261434,0.255787,0.249886,0.243737,0.237344,0.230714,0.223854,0.216768,0.209465,0.201951,0.194233,0.186319,0.178215,0.169931,0.161474,0.152853,0.144075,0.13515,0.126087,0.116894,0.107581,0.098158,0.0886335,0.0790175,0.0693201,0.0595509,0.0497203,0.0398381,0.0299148,0.0199604,0.00998538,0,
0,0.0111311,0.0222506,0.033347,0.0444088,0.0554246,0.066383,0.0772727,0.0880825,0.0988012,0.109418,0.119922,0.130302,0.140549,0.150651,0.160599,0.170382,0.179992,0.189417,0.19865,0.207681,0.216502,0.225103,0.233478,0.241616,0.249512,0.257158,0.264546,0.271669,0.278522,0.285098,0.29139,0.297394,0.303103,0.308513,0.313619,0.318417,0.322902,0.32707,0.330918,0.334442,0.33764,0.340508,0.343045,0.345247,0.347115,0.348644,0.349835,0.350687,0.351198,0.351368,0.351198,0.350687,0.349835,0.348644,0.347115,0.345247,0.343045,0.340508,0.33764,0.334442,0.330918,0.32707,0.322902,0.318417,0.313619,0.308513,0.303103,0.297394,0.29139,0.285098,0.278522,0.271669,0.264546,0.257158,0.249512,0.241616,0.233478,0.225103,0.216502,0.207681,0.19865,0.189417,0.179992,0.170382,0.160599,0.150651,0.140549,0.130302,0.119922,0.109418,0.0988012,0.0880825,0.0772727,0.066383,0.0554246,0.0444088,0.033347,0.0222506,0.0111311,0,
0,0.0122883,0.0245638,0.0368138,0.0490255,0.0611864,0.0732838,0.0853053,0.0972385,0.109071,0.120791,0.132386,0.143845,0.155155,0.166306,0.177287,0.188086,0.198692,0.209096,0.219287,0.229255,0.23899,0.248483,0.257725,0.266708,0.275422,0.283859,0.292012,0.299873,0.307435,0.314691,0.321635,0.328259,0.334559,0.340529,0.346163,0.351456,0.356404,0.361003,0.365249,0.369137,0.372665,0.37583,0.378628,0.381059,0.383118,0.384806,0.38612,0.387059,0.387623,0.387811,0.387623,0.387059,0.38612,0.384806,0.383118,0.381059,0.378628,0.37583,0.372665,0.369137,0.365249,0.361003,0.356404,0.351456,0.346163,0.340529,0.334559,0.328259,0.321635,0.314691,0.307435,0.299873,0.292012,0.283859,0.275422,0.266708,0.257725,0.248483,0.23899,0.229255,0.219287,0.209096,0.198692,0.188086,0.177287,0.166306,0.155155,0.143845,0.132386,0.120791,0.109071,0.0972385,0.0853053,0.0732838,0.0611864,0.0490255,0.0368138,0.0245638,0.0122883,0,
0,0.0134582,0.0269025,0.0403188,0.0536931,0.0670116,0.0802606,0.0934262,0.106495,0.119453,0.132288,0.144986,0.157535,0.169921,0.182132,0.194157,0.205982,0.217596,0.228988,0.240147,0.251061,0.26172,0.272114,0.282233,0.292067,0.301607,0.310844,0.31977,0.328376,0.336654,0.344597,0.352198,0.35945,0.366346,0.37288,0.379047,0.384841,0.390257,0.39529,0.399937,0.404192,0.408054,0.411517,0.41458,0.41724,0.419494,0.421341,0.422779,0.423808,0.424425,0.424631,0.424425,0.423808,0.422779,0.421341,0.419494,0.41724,0.41458,0.411517,0.408054,0.404192,0.399937,0.39529,0.390257,0.384841,0.379047,0.37288,0.366346,0.35945,0.352198,0.344597,0.336654,0.328376,0.31977,0.310844,0.301607,0.292067,0.282233,0.272114,0.26172,0.251061,0.240147,0.228988,0.217596,0.205982,0.194157,0.182132,0.169921,0.157535,0.144986,0.132288,0.119453,0.106495,0.0934262,0.0802606,0.0670116,0.0536931,0.0403188,0.0269025,0.0134582,0,
0,0.0146422,0.0292692,0.0438657,0.0584165,0.0729065,0.0873206,0.101644,0.115862,0.12996,0.143923,0.157737,0.171388,0.184862,0.198146,0.211226,0.224089,0.236722,0.249113,0.261251,0.273122,0.284715,0.29602,0.307025,0.31772,0.328096,0.338141,0.347848,0.357206,0.366208,0.374846,0.383111,0.390996,0.398494,0.405598,0.412303,0.418603,0.424491,0.429964,0.435016,0.439642,0.44384,0.447606,0.450935,0.453827,0.456278,0.458286,0.459849,0.460967,0.461637,0.461861,0.461637,0.460967,0.459849,0.458286,0.456278,0.453827,0.450935,0.447606,0.44384,0.439642,0.435016,0.429964,0.424491,0.418603,0.412303,0.405598,0.398494,0.390996,0.383111,0.374846,0.366208,0.357206,0.347848,0.338141,0.328096,0.31772,0.307025,0.29602,0.284715,0.273122,0.261251,0.249113,0.236722,0.224089,0.211226,0.198146,0.184862,0.171388,0.157737,0.143923,0.12996,0.115862,0.101644,0.0873206,0.0729065,0.0584165,0.0438657,0.0292692,0.0146422,0,
0,0.0158415,0.0316664,0.0474583,0.0632007,0.0788772,0.0944715,0.109967,0.125349,0.1406,0.155706,0.17065,0.185417,0.199993,0.214362,0.228511,0.242425,0.25609,0.269493,0.282621,0.29546,0.307999,0.320225,0.332127,0.343694,0.354914,0.365777,0.376274,0.386393,0.396127,0.405467,0.414403,0.422928,0.431035,0.438717,0.445966,0.452776,0.459142,0.465058,0.47052,0.475521,0.480059,0.48413,0.487729,0.490855,0.493504,0.495674,0.497364,0.498572,0.499297,0.499539,0.499297,0.498572,0.497364,0.495674,0.493504,0.490855,0.487729,0.48413,0.480059,0.475521,0.47052,0.465058,0.459142,0.452776,0.445966,0.438717,0.431035,0.422928,0.414403,0.405467,0.396127,0.386393,0.376274,0.365777,0.354914,0.343694,0.332127,0.320225,0.307999,0.29546,0.282621,0.269493,0.25609,0.242425,0.228511,0.214362,0.199993,0.185417,0.17065,0.155706,0.1406,0.125349,0.109967,0.0944715,0.0788772,0.0632007,0.0474583,0.0316664,0.0158415,0,
0,0.0170572,0.0340966,0.0511004,0.0680507,0.08493,0.101721,0.118405,0.134966,0.151387,0.16765,0.183739,0.199638,0.21533,0.2308,0.246032,0.26101,0.27572,0.290148,0.304279,0.318099,0.331596,0.344755,0.357565,0.370014,0.382089,0.39378,0.405076,0.415966,0.426441,0.43649,0.446106,0.45528,0.464003,0.472267,0.480067,0.487394,0.494243,0.500608,0.506483,0.511864,0.516746,0.521124,0.524997,0.528359,0.531209,0.533543,0.535361,0.536661,0.537441,0.537701,0.537441,0.536661,0.535361,0.533543,0.531209,0.528359,0.524997,0.521124,0.516746,0.511864,0.506483,0.500608,0.494243,0.487394,0.480067,0.472267,0.464003,0.45528,0.446106,0.43649,0.426441,0.415966,0.405076,0.39378,0.382089,0.370014,0.357565,0.344755,0.331596,0.318099,0.304279,0.290148,0.27572,0.26101,0.246032,0.2308,0.21533,0.199638,0.183739,0.16765,0.151387,0.134966,0.118405,0.101721,0.08493,0.0680507,0.0511004,0.0340966,0.0170572,0,
0,0.0182909,0.0365625,0.0547959,0.0729719,0.0910715,0.109076,0.126966,0.144724,0.162331,0.179769,0.19702,0.214066,0.23089,0.247476,0.263806,0.279863,0.295633,0.3111,0.326248,0.341062,0.355529,0.369634,0.383365,0.396707,0.409649,0.422178,0.434284,0.445954,0.457179,0.467948,0.478252,0.488081,0.497428,0.506283,0.51464,0.52249,0.529828,0.536647,0.542941,0.548705,0.553935,0.558626,0.562774,0.566376,0.569428,0.571929,0.573877,0.575269,0.576104,0.576383,0.576104,0.575269,0.573877,0.571929,0.569428,0.566376,0.562774,0.558626,0.553935,0.548705,0.542941,0.536647,0.529828,0.52249,0.51464,0.506283,0.497428,0.488081,0.478252,0.467948,0.457179,0.445954,0.434284,0.422178,0.409649,0.396707,0.383365,0.369634,0.355529,0.341062,0.326248,0.3111,0.295633,0.279863,0.263806,0.247476,0.23089,0.214066,0.19702,0.179769,0.162331,0.144724,0.126966,0.109076,0.0910715,0.0729719,0.0547959,0.0365625,0.0182909,0,
0,0.0195436,0.0390667,0.0585488,0.0779694,0.0973083,0.116545,0.13566,0.154633,0.173444,0.192074,0.210504,0.228716,0.246689,0.264407,0.281851,0.299005,0.31585,0.33237,0.34855,0.364373,0.379824,0.394888,0.409552,0.4238,0.437621,0.451,0.463927,0.476388,0.488373,0.499871,0.510872,0.521366,0.531344,0.540798,0.549718,0.558099,0.565931,0.57321,0.579929,0.586082,0.591664,0.59667,0.601098,0.604942,0.6082,0.610869,0.612947,0.614433,0.615325,0.615622,0.615325,0.614433,0.612947,0.610869,0.6082,0.604942,0.601098,0.59667,0.591664,0.586082,0.579929,0.57321,0.565931,0.558099,0.549718,0.540798,0.531344,0.521366,0.510872,0.499871,0.488373,0.476388,0.463927,0.451,0.437621,0.4238,0.409552,0.394888,0.379824,0.364373,0.34855,0.33237,0.31585,0.299005,0.281851,0.264407,0.246689,0.228716,0.210504,0.192074,0.173444,0.154633,0.13566,0.116545,0.0973083,0.0779694,0.0585488,0.0390667,0.0195436,0,
0,0.0208169,0.0416119,0.0623632,0.0830488,0.103647,0.124136,0.144496,0.164703,0.184738,0.20458,0.224208,0.243603,0.262744,0.281612,0.300188,0.318454,0.336391,0.353981,0.371209,0.388055,0.404506,0.420543,0.436154,0.451322,0.466034,0.480276,0.494035,0.507298,0.520054,0.532292,0.543999,0.555167,0.565786,0.575845,0.585338,0.594255,0.602589,0.610334,0.617482,0.624029,0.629967,0.635294,0.640004,0.644094,0.64756,0.650399,0.65261,0.654191,0.65514,0.655456,0.65514,0.654191,0.65261,0.650399,0.64756,0.644094,0.640004,0.635294,0.629967,0.624029,0.617482,0.610334,0.602589,0.594255,0.585338,0.575845,0.565786,0.555167,0.543999,0.532292,0.520054,0.507298,0.494035,0.480276,0.466034,0.451322,0.436154,0.420543,0.404506,0.388055,0.371209,0.353981,0.336391,0.318454,0.300188,0.281612,0.262744,0.243603,0.224208,0.20458,0.184738,0.164703,0.144496,0.124136,0.103647,0.0830488,0.0623632,0.0416119,0.0208169,0,
0,0.0221121,0.044201,0.0662431,0.0882154,0.110095,0.131858,0.153483,0.174946,0.196225,0.217299,0.238146,0.258743,0.279071,0.299109,0.318835,0.338232,0.357278,0.375956,0.394248,0.412134,0.429599,0.446626,0.463198,0.4793,0.494917,0.510034,0.524638,0.538716,0.552254,0.565241,0.577666,0.589518,0.600785,0.61146,0.621532,0.630994,0.639837,0.648054,0.655638,0.662583,0.668884,0.674534,0.679531,0.68387,0.687546,0.690559,0.692904,0.694581,0.695587,0.695923,0.695587,0.694581,0.692904,0.690559,0.687546,0.68387,0.679531,0.674534,0.668884,0.662583,0.655638,0.648054,0.639837,0.630994,0.621532,0.61146,0.600785,0.589518,0.577666,0.565241,0.552254,0.538716,0.524638,0.510034,0.494917,0.4793,0.463198,0.446626,0.429599,0.412134,0.394248,0.375956,0.357278,0.338232,0.318835,0.299109,0.279071,0.258743,0.238146,0.217299,0.196225,0.174946,0.153483,0.131858,0.110095,0.0882154,0.0662431,0.044201,0.0221121,0,
0,0.0234307,0.0468366,0.070193,0.0934751,0.116658,0.139718,0.162631,0.185372,0.207918,0.230246,0.252332,0.274154,0.295689,0.316916,0.337813,0.358359,0.378534,0.398318,0.417691,0.436635,0.455132,0.473163,0.490712,0.507763,0.524299,0.540306,0.555768,0.570672,0.585005,0.598754,0.611906,0.624452,0.636379,0.647677,0.658338,0.668352,0.67771,0.686406,0.694432,0.701782,0.708449,0.714429,0.719716,0.724307,0.728198,0.731385,0.733867,0.73564,0.736705,0.73706,0.736705,0.73564,0.733867,0.731385,0.728198,0.724307,0.719716,0.714429,0.708449,0.701782,0.694432,0.686406,0.67771,0.668352,0.658338,0.647677,0.636379,0.624452,0.611906,0.598754,0.585005,0.570672,0.555768,0.540306,0.524299,0.507763,0.490712,0.473163,0.455132,0.436635,0.417691,0.398318,0.378534,0.358359,0.337813,0.316916,0.295689,0.274154,0.252332,0.230246,0.207918,0.185372,0.162631,0.139718,0.116658,0.0934751,0.070193,0.0468366,0.0234307,0,
0,0.0247741,0.0495218,0.074217,0.0988335,0.123345,0.147726,0.171951,0.195994,0.21983,0.243434,0.266783,0.289851,0.312616,0.335053,0.357141,0.378858,0.400181,0.42109,0.441564,0.461584,0.481129,0.500183,0.518725,0.53674,0.554211,0.571121,0.587456,0.6032,0.61834,0.632862,0.646754,0.660004,0.6726,0.684532,0.69579,0.706364,0.716247,0.725429,0.733903,0.741663,0.748703,0.755016,0.760598,0.765445,0.769552,0.772917,0.775537,0.777409,0.778534,0.778908,0.778534,0.777409,0.775537,0.772917,0.769552,0.765445,0.760598,0.755016,0.748703,0.741663,0.733903,0.725429,0.716247,0.706364,0.69579,0.684532,0.6726,0.660004,0.646754,0.632862,0.61834,0.6032,0.587456,0.571121,0.554211,0.53674,0.518725,0.500183,0.481129,0.461584,0.441564,0.42109,0.400181,0.378858,0.357141,0.335053,0.312616,0.289851,0.266783,0.243434,0.21983,0.195994,0.171951,0.147726,0.123345,0.0988335,0.074217,0.0495218,0.0247741,0,
0,0.0261437,0.0522596,0.0783198,0.104297,0.130163,0.15589,0.181452,0.206822,0.231973,0.256879,0.281514,0.305852,0.329869,0.35354,0.376842,0.39975,0.422242,0.444297,0.465892,0.487006,0.507619,0.527712,0.547266,0.566262,0.584683,0.602513,0.619734,0.636332,0.652293,0.667601,0.682244,0.69621,0.709486,0.722061,0.733926,0.745069,0.755483,0.765159,0.774089,0.782265,0.789682,0.796334,0.802215,0.807322,0.811649,0.815194,0.817954,0.819927,0.821111,0.821506,0.821111,0.819927,0.817954,0.815194,0.811649,0.807322,0.802215,0.796334,0.789682,0.782265,0.774089,0.765159,0.755483,0.745069,0.733926,0.722061,0.709486,0.69621,0.682244,0.667601,0.652293,0.636332,0.619734,0.602513,0.584683,0.566262,0.547266,0.527712,0.507619,0.487006,0.465892,0.444297,0.422242,0.39975,0.376842,0.35354,0.329869,0.305852,0.281514,0.256879,0.231973,0.206822,0.181452,0.15589,0.130163,0.104297,0.0783198,0.0522596,0.0261437,0,
0,0.0275412,0.055053,0.082506,0.109871,0.137118,0.16422,0.191146,0.21787,0.244362,0.270594,0.296541,0.322174,0.347468,0.372397,0.396935,0.421058,0.444742,0.467963,0.4907,0.512929,0.53463,0.555782,0.576364,0.596359,0.615748,0.634512,0.652636,0.670103,0.686897,0.703005,0.718412,0.733105,0.747072,0.760301,0.772782,0.784504,0.795458,0.805635,0.815027,0.823627,0.831427,0.838423,0.844608,0.849977,0.854528,0.858256,0.861158,0.863233,0.864478,0.864893,0.864478,0.863233,0.861158,0.858256,0.854528,0.849977,0.844608,0.838423,0.831427,0.823627,0.815027,0.805635,0.795458,0.784504,0.772782,0.760301,0.747072,0.733105,0.718412,0.703005,0.686897,0.670103,0.652636,0.634512,0.615748,0.596359,0.576364,0.555782,0.53463,0.512929,0.4907,0.467963,0.444742,0.421058,0.396935,0.372397,0.347468,0.322174,0.296541,0.270594,0.244362,0.21787,0.191146,0.16422,0.137118,0.109871,0.082506,0.055053,0.0275412,0,
0,0.0289682,0.0579053,0.0867803,0.115562,0.14422,0.172724,0.201044,0.229148,0.257009,0.284596,0.311881,0.338836,0.365432,0.391644,0.417443,0.442805,0.467704,0.492115,0.516015,0.539381,0.562189,0.58442,0.606051,0.627062,0.647436,0.667152,0.686194,0.704545,0.722188,0.739109,0.755293,0.770726,0.785396,0.79929,0.812397,0.824707,0.83621,0.846896,0.856758,0.865787,0.873977,0.881322,0.887815,0.893453,0.89823,0.902143,0.90519,0.907368,0.908675,0.909111,0.908675,0.907368,0.90519,0.902143,0.89823,0.893453,0.887815,0.881322,0.873977,0.865787,0.856758,0.846896,0.83621,0.824707,0.812397,0.79929,0.785396,0.770726,0.755293,0.739109,0.722188,0.704545,0.686194,0.667152,0.647436,0.627062,0.606051,0.58442,0.562189,0.539381,0.516015,0.492115,0.467704,0.442805,0.417443,0.391644,0.365432,0.338836,0.311881,0.284596,0.257009,0.229148,0.201044,0.172724,0.14422,0.115562,0.0867803,0.0579053,0.0289682,0,
0,0.0304262,0.0608196,0.0911476,0.121377,0.151477,0.181413,0.211155,0.240671,0.26993,0.2989,0.327552,0.355855,0.383782,0.411302,0.438389,0.465015,0.491153,0.516778,0.541865,0.566389,0.590327,0.613657,0.636356,0.658404,0.679781,0.700467,0.720444,0.739695,0.758202,0.775951,0.792925,0.809111,0.824495,0.839066,0.85281,0.865718,0.877778,0.888982,0.899321,0.908787,0.917373,0.925072,0.931879,0.937788,0.942795,0.946897,0.950091,0.952374,0.953744,0.954201,0.953744,0.952374,0.950091,0.946897,0.942795,0.937788,0.931879,0.925072,0.917373,0.908787,0.899321,0.888982,0.877778,0.865718,0.85281,0.839066,0.824495,0.809111,0.792925,0.775951,0.758202,0.739695,0.720444,0.700467,0.679781,0.658404,0.636356,0.613657,0.590327,0.566389,0.541865,0.516778,0.491153,0.465015,0.438389,0.411302,0.383782,0.355855,0.327552,0.2989,0.26993,0.240671,0.211155,0.181413,0.151477,0.121377,0.0911476,0.0608196,0.0304262,0,
0,0.031917,0.0637995,0.095613,0.127323,0.158896,0.190297,0.221493,0.252452,0.283139,0.313522,0.343571,0.373253,0.402537,0.431395,0.459796,0.487712,0.515116,0.541979,0.568277,0.593983,0.619073,0.643524,0.667313,0.690417,0.712817,0.734491,0.755421,0.775588,0.794975,0.813566,0.831345,0.848297,0.864409,0.879667,0.894059,0.907575,0.920203,0.931933,0.942757,0.952667,0.961655,0.969714,0.976839,0.983025,0.988266,0.99256,0.995903,0.998292,0.999726,1.0002,0.999726,0.998292,0.995903,0.99256,0.988266,0.983025,0.976839,0.969714,0.961655,0.952667,0.942757,0.931933,0.920203,0.907575,0.894059,0.879667,0.864409,0.848297,0.831345,0.813566,0.794975,0.775588,0.755421,0.734491,0.712817,0.690417,0.667313,0.643524,0.619073,0.593983,0.568277,0.541979,0.515116,0.487712,0.459796,0.431395,0.402537,0.373253,0.343571,0.313522,0.283139,0.252452,0.221493,0.190297,0.158896,0.127323,0.095613,0.0637995,0.031917,0,
0,0.0334423,0.0668483,0.100182,0.133406,0.166486,0.199386,0.23207,0.264503,0.296651,0.32848,0.359956,0.391047,0.42172,0.451944,0.481688,0.510923,0.539618,0.567747,0.595281,0.622193,0.648459,0.674054,0.698954,0.723135,0.746577,0.769259,0.791159,0.812261,0.832545,0.851994,0.870592,0.888324,0.905176,0.921134,0.936186,0.95032,0.963524,0.97579,0.987108,0.997469,1.00687,1.01529,1.02274,1.02921,1.03469,1.03917,1.04267,1.04517,1.04666,1.04716,1.04666,1.04517,1.04267,1.03917,1.03469,1.02921,1.02274,1.01529,1.00687,0.997469,0.987108,0.97579,0.963524,0.95032,0.936186,0.921134,0.905176,0.888324,0.870592,0.851994,0.832545,0.812261,0.791159,0.769259,0.746577,0.723135,0.698954,0.674054,0.648459,0.622193,0.595281,0.567747,0.539618,0.510923,0.481688,0.451944,0.42172,0.391047,0.359956,0.32848,0.296651,0.264503,0.23207,0.199386,0.166486,0.133406,0.100182,0.0668483,0.0334423,0,
0,0.035004,0.0699698,0.104859,0.139634,0.174257,0.20869,0.242897,0.276839,0.310482,0.34379,0.376727,0.409258,0.441351,0.472973,0.50409,0.534672,0.564688,0.594109,0.622905,0.65105,0.678517,0.705279,0.731312,0.756593,0.781099,0.804807,0.827698,0.849751,0.870949,0.891272,0.910705,0.929232,0.946837,0.963508,0.979231,0.993993,1.00779,1.0206,1.03241,1.04323,1.05305,1.06185,1.06962,1.07637,1.0821,1.08678,1.09043,1.09304,1.0946,1.09512,1.0946,1.09304,1.09043,1.08678,1.0821,1.07637,1.06962,1.06185,1.05305,1.04323,1.03241,1.0206,1.00779,0.993993,0.979231,0.963508,0.946837,0.929232,0.910705,0.891272,0.870949,0.849751,0.827698,0.804807,0.781099,0.756593,0.731312,0.705279,0.678517,0.65105,0.622905,0.594109,0.564688,0.534672,0.50409,0.472973,0.441351,0.409258,0.376727,0.34379,0.310482,0.276839,0.242897,0.20869,0.174257,0.139634,0.104859,0.0699698,0.035004,0,
0,0.0366039,0.0731676,0.109651,0.146014,0.182217,0.218221,0.253987,0.289476,0.324649,0.359471,0.393903,0.427909,0.461455,0.494505,0.527027,0.558987,0.590353,0.621095,0.651182,0.680585,0.709278,0.737233,0.764424,0.790827,0.816417,0.841173,0.865074,0.888098,0.910226,0.931441,0.951724,0.97106,0.989433,1.00683,1.02324,1.03864,1.05303,1.06639,1.07872,1.09001,1.10024,1.10942,1.11753,1.12457,1.13054,1.13543,1.13923,1.14195,1.14358,1.14413,1.14358,1.14195,1.13923,1.13543,1.13054,1.12457,1.11753,1.10942,1.10024,1.09001,1.07872,1.06639,1.05303,1.03864,1.02324,1.00683,0.989433,0.97106,0.951724,0.931441,0.910226,0.888098,0.865074,0.841173,0.816417,0.790827,0.764424,0.737233,0.709278,0.680585,0.651182,0.621095,0.590353,0.558987,0.527027,0.494505,0.461455,0.427909,0.393903,0.359471,0.324649,0.289476,0.253987,0.218221,0.182217,0.146014,0.109651,0.0731676,0.0366039,0,
0,0.0382439,0.0764456,0.114563,0.152554,0.190377,0.227991,0.265354,0.302427,0.339169,0.375541,0.411504,0.44702,0.482054,0.516567,0.550526,0.583895,0.616642,0.648735,0.680141,0.710832,0.740778,0.76995,0.798324,0.825872,0.85257,0.878396,0.903326,0.92734,0.950418,0.972541,0.993691,1.01385,1.03301,1.05114,1.06824,1.0843,1.09929,1.11322,1.12607,1.13783,1.1485,1.15806,1.16651,1.17385,1.18006,1.18515,1.18912,1.19195,1.19365,1.19422,1.19365,1.19195,1.18912,1.18515,1.18006,1.17385,1.16651,1.15806,1.1485,1.13783,1.12607,1.11322,1.09929,1.0843,1.06824,1.05114,1.03301,1.01385,0.993691,0.972541,0.950418,0.92734,0.903326,0.878396,0.85257,0.825872,0.798324,0.76995,0.740778,0.710832,0.680141,0.648735,0.616642,0.583895,0.550526,0.516567,0.482054,0.44702,0.411504,0.375541,0.339169,0.302427,0.265354,0.227991,0.190377,0.152554,0.114563,0.0764456,0.0382439,0,
0,0.0399262,0.0798081,0.119601,0.159262,0.198746,0.238011,0.277013,0.315709,0.354058,0.392019,0.429551,0.466615,0.503172,0.539184,0.574614,0.609426,0.643587,0.677061,0.709817,0.741823,0.77305,0.803467,0.833049,0.861766,0.889596,0.916513,0.942494,0.967519,0.991565,1.01461,1.03665,1.05765,1.0776,1.09649,1.1143,1.13101,1.14663,1.16113,1.17451,1.18675,1.19786,1.20781,1.21661,1.22424,1.23071,1.23601,1.24014,1.24308,1.24485,1.24544,1.24485,1.24308,1.24014,1.23601,1.23071,1.22424,1.21661,1.20781,1.19786,1.18675,1.17451,1.16113,1.14663,1.13101,1.1143,1.09649,1.0776,1.05765,1.03665,1.01461,0.991565,0.967519,0.942494,0.916513,0.889596,0.861766,0.833049,0.803467,0.77305,0.741823,0.709817,0.677061,0.643587,0.609426,0.574614,0.539184,0.503172,0.466615,0.429551,0.392019,0.354058,0.315709,0.277013,0.238011,0.198746,0.159262,0.119601,0.0798081,0.0399262,0,
0,0.0416528,0.083259,0.124772,0.166146,0.207335,0.248294,0.288976,0.329338,0.369336,0.408927,0.448068,0.486717,0.524835,0.562382,0.59932,0.63561,0.671217,0.706106,0.740242,0.773595,0.806131,0.837821,0.868637,0.89855,0.927534,0.955566,0.98262,1.00867,1.03371,1.0577,1.08064,1.10249,1.12326,1.14291,1.16144,1.17883,1.19508,1.21017,1.22408,1.23682,1.24836,1.25871,1.26786,1.2758,1.28253,1.28804,1.29233,1.2954,1.29724,1.29785,1.29724,1.2954,1.29233,1.28804,1.28253,1.2758,1.26786,1.25871,1.24836,1.23682,1.22408,1.21017,1.19508,1.17883,1.16144,1.14291,1.12326,1.10249,1.08064,1.0577,1.03371,1.00867,0.98262,0.955566,0.927534,0.89855,0.868637,0.837821,0.806131,0.773595,0.740242,0.706106,0.671217,0.63561,0.59932,0.562382,0.524835,0.486717,0.448068,0.408927,0.369336,0.329338,0.288976,0.248294,0.207335,0.166146,0.124772,0.083259,0.0416528,0,
0,0.0434259,0.086803,0.130082,0.173216,0.216155,0.258852,0.30126,0.343331,0.385021,0.426284,0.467075,0.507351,0.54707,0.58619,0.624672,0.662476,0.699565,0.735902,0.771453,0.806182,0.840058,0.873049,0.905127,0.936261,0.966426,0.995596,1.02375,1.05085,1.07689,1.10185,1.1257,1.14843,1.17002,1.19046,1.20972,1.2278,1.24469,1.26037,1.27483,1.28807,1.30007,1.31082,1.32033,1.32858,1.33557,1.34129,1.34575,1.34893,1.35084,1.35148,1.35084,1.34893,1.34575,1.34129,1.33557,1.32858,1.32033,1.31082,1.30007,1.28807,1.27483,1.26037,1.24469,1.2278,1.20972,1.19046,1.17002,1.14843,1.1257,1.10185,1.07689,1.05085,1.02375,0.995596,0.966426,0.936261,0.905127,0.873049,0.840058,0.806182,0.771453,0.735902,0.699565,0.662476,0.624672,0.58619,0.54707,0.507351,0.467075,0.426284,0.385021,0.343331,0.30126,0.258852,0.216155,0.173216,0.130082,0.086803,0.0434259,0,
0,0.0452479,0.0904445,0.135539,0.18048,0.225217,0.2697,0.31388,0.357707,0.401133,0.444112,0.486597,0.528542,0.569903,0.610637,0.650702,0.690058,0.728665,0.766486,0.803483,0.839622,0.874869,0.909192,0.94256,0.974943,1.00631,1.03665,1.06591,1.09409,1.12116,1.1471,1.17189,1.19551,1.21794,1.23917,1.25919,1.27797,1.29551,1.31179,1.32681,1.34055,1.35301,1.36418,1.37405,1.38261,1.38987,1.39581,1.40044,1.40374,1.40573,1.40639,1.40573,1.40374,1.40044,1.39581,1.38987,1.38261,1.37405,1.36418,1.35301,1.34055,1.32681,1.31179,1.29551,1.27797,1.25919,1.23917,1.21794,1.19551,1.17189,1.1471,1.12116,1.09409,1.06591,1.03665,1.00631,0.974943,0.94256,0.909192,0.874869,0.839622,0.803483,0.766486,0.728665,0.690058,0.650702,0.610637,0.569903,0.528542,0.486597,0.444112,0.401133,0.357707,0.31388,0.2697,0.225217,0.18048,0.135539,0.0904445,0.0452479,0,
0,0.0471211,0.0941884,0.141148,0.187947,0.234533,0.280851,0.326852,0.372483,0.417694,0.462435,0.506658,0.550316,0.593363,0.635752,0.677442,0.718389,0.758552,0.797893,0.836372,0.873955,0.910605,0.94629,0.980977,1.01464,1.04724,1.07876,1.10917,1.13845,1.16656,1.19351,1.21925,1.24377,1.26707,1.28911,1.30988,1.32938,1.34758,1.36448,1.38006,1.39432,1.40725,1.41883,1.42907,1.43796,1.44548,1.45165,1.45645,1.45988,1.46193,1.46262,1.46193,1.45988,1.45645,1.45165,1.44548,1.43796,1.42907,1.41883,1.40725,1.39432,1.38006,1.36448,1.34758,1.32938,1.30988,1.28911,1.26707,1.24377,1.21925,1.19351,1.16656,1.13845,1.10917,1.07876,1.04724,1.01464,0.980977,0.94629,0.910605,0.873955,0.836372,0.797893,0.758552,0.718389,0.677442,0.635752,0.593363,0.550316,0.506658,0.462435,0.417694,0.372483,0.326852,0.280851,0.234533,0.187947,0.141148,0.0941884,0.0471211,0,
0,0.049048,0.0980397,0.146919,0.195629,0.244115,0.292321,0.340194,0.387679,0.434723,0.481276,0.527285,0.572703,0.617479,0.661568,0.704924,0.747503,0.789262,0.83016,0.870159,0.90922,0.947306,0.984385,1.02042,1.05539,1.08925,1.12198,1.15356,1.18395,1.21314,1.24111,1.26782,1.29327,1.31744,1.34031,1.36186,1.38208,1.40096,1.41848,1.43464,1.44942,1.46283,1.47484,1.48545,1.49466,1.50246,1.50885,1.51382,1.51738,1.51951,1.52022,1.51951,1.51738,1.51382,1.50885,1.50246,1.49466,1.48545,1.47484,1.46283,1.44942,1.43464,1.41848,1.40096,1.38208,1.36186,1.34031,1.31744,1.29327,1.26782,1.24111,1.21314,1.18395,1.15356,1.12198,1.08925,1.05539,1.02042,0.984385,0.947306,0.90922,0.870159,0.83016,0.789262,0.747503,0.704924,0.661568,0.617479,0.572703,0.527285,0.481276,0.434723,0.387679,0.340194,0.292321,0.244115,0.195629,0.146919,0.0980397,0.049048,0,
0,0.0510314,0.102004,0.152858,0.203535,0.253976,0.304125,0.353923,0.403315,0.452245,0.500659,0.548505,0.59573,0.642283,0.688117,0.733183,0.777437,0.820832,0.863328,0.904883,0.945458,0.985016,1.02352,1.06094,1.09724,1.13239,1.16636,1.19913,1.23067,1.26095,1.28996,1.31767,1.34406,1.36912,1.39282,1.41516,1.43612,1.45569,1.47385,1.49059,1.50591,1.5198,1.53224,1.54323,1.55277,1.56085,1.56747,1.57262,1.5763,1.57851,1.57925,1.57851,1.5763,1.57262,1.56747,1.56085,1.55277,1.54323,1.53224,1.5198,1.50591,1.49059,1.47385,1.45569,1.43612,1.41516,1.39282,1.36912,1.34406,1.31767,1.28996,1.26095,1.23067,1.19913,1.16636,1.13239,1.09724,1.06094,1.02352,0.985016,0.945458,0.904883,0.863328,0.820832,0.777437,0.733183,0.688117,0.642283,0.59573,0.548505,0.500659,0.452245,0.403315,0.353923,0.304125,0.253976,0.203535,0.152858,0.102004,0.0510314,0,
0,0.053074,0.106086,0.158974,0.211676,0.264131,0.316279,0.368059,0.419413,0.470283,0.520612,0.570345,0.619428,0.667807,0.715433,0.762256,0.808228,0.853303,0.897437,0.940587,0.982714,1.02378,1.06374,1.10258,1.14024,1.17671,1.21195,1.24593,1.27863,1.31003,1.3401,1.36882,1.39618,1.42214,1.4467,1.46985,1.49156,1.51182,1.53063,1.54797,1.56383,1.57821,1.59109,1.60247,1.61234,1.62071,1.62756,1.63289,1.6367,1.63898,1.63974,1.63898,1.6367,1.63289,1.62756,1.62071,1.61234,1.60247,1.59109,1.57821,1.56383,1.54797,1.53063,1.51182,1.49156,1.46985,1.4467,1.42214,1.39618,1.36882,1.3401,1.31003,1.27863,1.24593,1.21195,1.17671,1.14024,1.10258,1.06374,1.02378,0.982714,0.940587,0.897437,0.853303,0.808228,0.762256,0.715433,0.667807,0.619428,0.570345,0.520612,0.470283,0.419413,0.368059,0.316279,0.264131,0.211676,0.158974,0.106086,0.053074,0,
0,0.0551788,0.110292,0.165276,0.220064,0.274593,0.3288,0.382621,0.435995,0.488861,0.541161,0.592835,0.643828,0.694085,0.743553,0.792179,0.839916,0.886714,0.932528,0.977315,1.02103,1.06364,1.1051,1.14538,1.18444,1.22225,1.25879,1.29401,1.32791,1.36044,1.3916,1.42135,1.44968,1.47657,1.502,1.52596,1.54844,1.56942,1.58888,1.60682,1.62324,1.63811,1.65144,1.66321,1.67343,1.68208,1.68916,1.69467,1.69861,1.70098,1.70177,1.70098,1.69861,1.69467,1.68916,1.68208,1.67343,1.66321,1.65144,1.63811,1.62324,1.60682,1.58888,1.56942,1.54844,1.52596,1.502,1.47657,1.44968,1.42135,1.3916,1.36044,1.32791,1.29401,1.25879,1.22225,1.18444,1.14538,1.1051,1.06364,1.02103,0.977315,0.932528,0.886714,0.839916,0.792179,0.743553,0.694085,0.643828,0.592835,0.541161,0.488861,0.435995,0.382621,0.3288,0.274593,0.220064,0.165276,0.110292,0.0551788,0,
0,0.0573487,0.114629,0.171772,0.228711,0.285378,0.341706,0.39763,0.453085,0.508007,0.562335,0.616007,0.668966,0.721153,0.772513,0.822993,0.872542,0.921109,0.968648,1.01511,1.06046,1.10465,1.14764,1.1894,1.22989,1.26908,1.30693,1.34343,1.37854,1.41223,1.44449,1.4753,1.50462,1.53246,1.55878,1.58357,1.60682,1.62852,1.64865,1.66721,1.68418,1.69956,1.71334,1.72551,1.73607,1.74501,1.75234,1.75803,1.76211,1.76455,1.76537,1.76455,1.76211,1.75803,1.75234,1.74501,1.73607,1.72551,1.71334,1.69956,1.68418,1.66721,1.64865,1.62852,1.60682,1.58357,1.55878,1.53246,1.50462,1.4753,1.44449,1.41223,1.37854,1.34343,1.30693,1.26908,1.22989,1.1894,1.14764,1.10465,1.06046,1.01511,0.968648,0.921109,0.872542,0.822993,0.772513,0.721153,0.668966,0.616007,0.562335,0.508007,0.453085,0.39763,0.341706,0.285378,0.228711,0.171772,0.114629,0.0573487,0,
0,0.0595871,0.119102,0.178474,0.23763,0.296501,0.355017,0.413108,0.470707,0.527747,0.584163,0.639893,0.694874,0.749047,0.802354,0.854739,0.906149,0.956533,1.00584,1.05403,1.10105,1.14685,1.19141,1.23469,1.27664,1.31723,1.35644,1.39423,1.43058,1.46546,1.49885,1.53072,1.56106,1.58985,1.61708,1.64271,1.66676,1.68919,1.71,1.72918,1.74672,1.76261,1.77685,1.78942,1.80033,1.80957,1.81714,1.82302,1.82723,1.82975,1.83059,1.82975,1.82723,1.82302,1.81714,1.80957,1.80033,1.78942,1.77685,1.76261,1.74672,1.72918,1.71,1.68919,1.66676,1.64271,1.61708,1.58985,1.56106,1.53072,1.49885,1.46546,1.43058,1.39423,1.35644,1.31723,1.27664,1.23469,1.19141,1.14685,1.10105,1.05403,1.00584,0.956533,0.906149,0.854739,0.802354,0.749047,0.694874,0.639893,0.584163,0.527747,0.470707,0.413108,0.355017,0.296501,0.23763,0.178474,0.119102,0.0595871,0,
0,0.0618974,0.123719,0.18539,0.246835,0.307981,0.368752,0.429078,0.488888,0.548111,0.606679,0.664527,0.721591,0.777807,0.833116,0.88746,0.940783,0.993032,1.04416,1.09411,1.14284,1.19031,1.23648,1.2813,1.32474,1.36678,1.40736,1.44648,1.48409,1.52018,1.55472,1.58768,1.61906,1.64882,1.67696,1.70346,1.7283,1.75148,1.77298,1.79279,1.81091,1.82732,1.84202,1.855,1.86627,1.87581,1.88361,1.88969,1.89403,1.89664,1.8975,1.89664,1.89403,1.88969,1.88361,1.87581,1.86627,1.855,1.84202,1.82732,1.81091,1.79279,1.77298,1.75148,1.7283,1.70346,1.67696,1.64882,1.61906,1.58768,1.55472,1.52018,1.48409,1.44648,1.40736,1.36678,1.32474,1.2813,1.23648,1.19031,1.14284,1.09411,1.04416,0.993032,0.940783,0.88746,0.833116,0.777807,0.721591,0.664527,0.606679,0.548111,0.488888,0.429078,0.368752,0.307981,0.246835,0.18539,0.123719,0.0618974,0,
0,0.0642833,0.128487,0.192532,0.25634,0.319833,0.382933,0.445565,0.507655,0.569129,0.629916,0.689947,0.749154,0.807474,0.864843,0.921201,0.976491,1.03066,1.08365,1.13541,1.1859,1.23507,1.28288,1.32929,1.37426,1.41776,1.45976,1.50023,1.53913,1.57645,1.61216,1.64623,1.67866,1.70941,1.73848,1.76585,1.79151,1.81545,1.83764,1.8581,1.8768,1.89373,1.90891,1.92231,1.93393,1.94377,1.95182,1.95809,1.96257,1.96526,1.96615,1.96526,1.96257,1.95809,1.95182,1.94377,1.93393,1.92231,1.90891,1.89373,1.8768,1.8581,1.83764,1.81545,1.79151,1.76585,1.73848,1.70941,1.67866,1.64623,1.61216,1.57645,1.53913,1.50023,1.45976,1.41776,1.37426,1.32929,1.28288,1.23507,1.1859,1.13541,1.08365,1.03066,0.976491,0.921201,0.864843,0.807474,0.749154,0.689947,0.629916,0.569129,0.507655,0.445565,0.382933,0.319833,0.25634,0.192532,0.128487,0.0642833,0,
0,0.0667486,0.133414,0.199912,0.266161,0.332078,0.397582,0.462595,0.527037,0.590833,0.653908,0.716189,0.777606,0.838092,0.897582,0.956012,1.01332,1.06946,1.12436,1.17798,1.23027,1.28119,1.33068,1.37872,1.42525,1.47025,1.51369,1.55554,1.59576,1.63433,1.67123,1.70643,1.73993,1.77169,1.80171,1.82996,1.85645,1.88115,1.90405,1.92516,1.94445,1.96192,1.97757,1.99138,2.00337,2.01351,2.02182,2.02828,2.0329,2.03567,2.03659,2.03567,2.0329,2.02828,2.02182,2.01351,2.00337,1.99138,1.97757,1.96192,1.94445,1.92516,1.90405,1.88115,1.85645,1.82996,1.80171,1.77169,1.73993,1.70643,1.67123,1.63433,1.59576,1.55554,1.51369,1.47025,1.42525,1.37872,1.33068,1.28119,1.23027,1.17798,1.12436,1.06946,1.01332,0.956012,0.897582,0.838092,0.777606,0.716189,0.653908,0.590833,0.527037,0.462595,0.397582,0.332078,0.266161,0.199912,0.133414,0.0667486,0,
0,0.0692974,0.138507,0.207541,0.276312,0.344735,0.412724,0.480195,0.547067,0.613259,0.678694,0.743295,0.80699,0.869707,0.931379,0.991941,1.05133,1.10949,1.16636,1.22189,1.27603,1.32873,1.37994,1.42964,1.47777,1.52431,1.56922,1.61247,1.65403,1.69388,1.73199,1.76835,1.80293,1.83571,1.86669,1.89585,1.92317,1.94865,1.97227,1.99403,2.01392,2.03193,2.04806,2.0623,2.07465,2.0851,2.09366,2.10032,2.10507,2.10793,2.10888,2.10793,2.10507,2.10032,2.09366,2.0851,2.07465,2.0623,2.04806,2.03193,2.01392,1.99403,1.97227,1.94865,1.92317,1.89585,1.86669,1.83571,1.80293,1.76835,1.73199,1.69388,1.65403,1.61247,1.56922,1.52431,1.47777,1.42964,1.37994,1.32873,1.27603,1.22189,1.16636,1.10949,1.05133,0.991941,0.931379,0.869707,0.80699,0.743295,0.678694,0.613259,0.547067,0.480195,0.412724,0.344735,0.276312,0.207541,0.138507,0.0692974,0,
0,0.0719342,0.143776,0.215433,0.286813,0.357826,0.428382,0.498394,0.567776,0.636443,0.704313,0.771308,0.83735,0.902367,0.966287,1.02904,1.09057,1.15081,1.2097,1.26718,1.32322,1.37775,1.43073,1.48213,1.53189,1.58,1.62641,1.67109,1.71401,1.75516,1.79451,1.83203,1.86772,1.90154,1.9335,1.96356,1.99174,2.018,2.04235,2.06477,2.08526,2.10382,2.12043,2.1351,2.14782,2.15859,2.1674,2.17425,2.17915,2.18209,2.18307,2.18209,2.17915,2.17425,2.1674,2.15859,2.14782,2.1351,2.12043,2.10382,2.08526,2.06477,2.04235,2.018,1.99174,1.96356,1.9335,1.90154,1.86772,1.83203,1.79451,1.75516,1.71401,1.67109,1.62641,1.58,1.53189,1.48213,1.43073,1.37775,1.32322,1.26718,1.2097,1.15081,1.09057,1.02904,0.966287,0.902367,0.83735,0.771308,0.704313,0.636443,0.567776,0.498394,0.428382,0.357826,0.286813,0.215433,0.143776,0.0719342,0,
0,0.0746635,0.14923,0.223601,0.297681,0.371374,0.444586,0.517224,0.589199,0.660422,0.730808,0.800273,0.868737,0.936124,1.00236,1.06737,1.1311,1.19347,1.25444,1.31393,1.37191,1.42831,1.4831,1.53624,1.58768,1.63738,1.68532,1.73146,1.77578,1.81825,1.85885,1.89756,1.93437,1.96925,2.00219,2.03318,2.06221,2.08927,2.11435,2.13744,2.15855,2.17765,2.19475,2.20985,2.22295,2.23403,2.2431,2.25015,2.25519,2.25821,2.25922,2.25821,2.25519,2.25015,2.2431,2.23403,2.22295,2.20985,2.19475,2.17765,2.15855,2.13744,2.11435,2.08927,2.06221,2.03318,2.00219,1.96925,1.93437,1.89756,1.85885,1.81825,1.77578,1.73146,1.68532,1.63738,1.58768,1.53624,1.4831,1.42831,1.37191,1.31393,1.25444,1.19347,1.1311,1.06737,1.00236,0.936124,0.868737,0.800273,0.730808,0.660422,0.589199,0.517224,0.444586,0.371374,0.297681,0.223601,0.14923,0.0746635,0,
0,0.0774905,0.154878,0.23206,0.308935,0.385402,0.461362,0.536718,0.611375,0.68524,0.758223,0.830238,0.901201,0.971031,1.03965,1.10699,1.17298,1.23755,1.30065,1.3622,1.42217,1.4805,1.53714,1.59205,1.64519,1.69653,1.74603,1.79366,1.83939,1.88321,1.92509,1.965,2.00294,2.03889,2.07283,2.10476,2.13465,2.16252,2.18834,2.21211,2.23383,2.25348,2.27108,2.28662,2.30008,2.31148,2.3208,2.32806,2.33324,2.33635,2.33739,2.33635,2.33324,2.32806,2.3208,2.31148,2.30008,2.28662,2.27108,2.25348,2.23383,2.21211,2.18834,2.16252,2.13465,2.10476,2.07283,2.03889,2.00294,1.965,1.92509,1.88321,1.83939,1.79366,1.74603,1.69653,1.64519,1.59205,1.53714,1.4805,1.42217,1.3622,1.30065,1.23755,1.17298,1.10699,1.03965,0.971031,0.901201,0.830238,0.758223,0.68524,0.611375,0.536718,0.461362,0.385402,0.308935,0.23206,0.154878,0.0774905,0,
0,0.0804203,0.160732,0.240827,0.320597,0.399938,0.478743,0.556911,0.634342,0.710939,0.786607,0.861256,0.934797,1.00715,1.07823,1.14796,1.21628,1.28311,1.34839,1.41206,1.47407,1.53437,1.5929,1.64963,1.70451,1.75751,1.8086,1.85775,1.90492,1.95011,1.99328,2.03442,2.07351,2.11054,2.14549,2.17836,2.20913,2.23781,2.26437,2.28883,2.31116,2.33138,2.34947,2.36544,2.37929,2.391,2.40059,2.40804,2.41337,2.41656,2.41763,2.41656,2.41337,2.40804,2.40059,2.391,2.37929,2.36544,2.34947,2.33138,2.31116,2.28883,2.26437,2.23781,2.20913,2.17836,2.14549,2.11054,2.07351,2.03442,1.99328,1.95011,1.90492,1.85775,1.8086,1.75751,1.70451,1.64963,1.5929,1.53437,1.47407,1.41206,1.34839,1.28311,1.21628,1.14796,1.07823,1.00715,0.934797,0.861256,0.786607,0.710939,0.634342,0.556911,0.478743,0.399938,0.320597,0.240827,0.160732,0.0804203,0,
0,0.0834588,0.166803,0.249918,0.33269,0.415008,0.496761,0.577841,0.658144,0.737567,0.816011,0.89338,0.969584,1.04454,1.11815,1.19035,1.26106,1.33021,1.39774,1.46359,1.52769,1.59,1.65047,1.70905,1.76571,1.82041,1.87312,1.92381,1.97245,2.01902,2.0635,2.10588,2.14614,2.18426,2.22023,2.25405,2.28571,2.3152,2.34252,2.36766,2.39062,2.4114,2.42999,2.4464,2.46062,2.47265,2.4825,2.49015,2.49562,2.49891,2.5,2.49891,2.49562,2.49015,2.4825,2.47265,2.46062,2.4464,2.42999,2.4114,2.39062,2.36766,2.34252,2.3152,2.28571,2.25405,2.22023,2.18426,2.14614,2.10588,2.0635,2.01902,1.97245,1.92381,1.87312,1.82041,1.76571,1.70905,1.65047,1.59,1.52769,1.46359,1.39774,1.33021,1.26106,1.19035,1.11815,1.04454,0.969584,0.89338,0.816011,0.737567,0.658144,0.577841,0.496761,0.415008,0.33269,0.249918,0.166803,0.0834588,0,
0,0.0866121,0.173103,0.259351,0.345237,0.430643,0.515451,0.599549,0.682826,0.765174,0.846489,0.926671,1.00562,1.08326,1.15949,1.23423,1.3074,1.37894,1.44878,1.51685,1.5831,1.64747,1.70992,1.7704,1.82887,1.8853,1.93966,1.99192,2.04204,2.09002,2.13584,2.17947,2.2209,2.26012,2.29713,2.33191,2.36446,2.39477,2.42285,2.44868,2.47226,2.4936,2.51269,2.52954,2.54414,2.55649,2.5666,2.57445,2.58007,2.58344,2.58456,2.58344,2.58007,2.57445,2.5666,2.55649,2.54414,2.52954,2.51269,2.4936,2.47226,2.44868,2.42285,2.39477,2.36446,2.33191,2.29713,2.26012,2.2209,2.17947,2.13584,2.09002,2.04204,1.99192,1.93966,1.8853,1.82887,1.7704,1.70992,1.64747,1.5831,1.51685,1.44878,1.37894,1.3074,1.23423,1.15949,1.08326,1.00562,0.926671,0.846489,0.765174,0.682826,0.599549,0.515451,0.430643,0.345237,0.259351,0.173103,0.0866121,0,
0,0.0898868,0.179645,0.269147,0.358265,0.446874,0.534852,0.622079,0.708437,0.793813,0.878099,0.961189,1.04298,1.12339,1.20231,1.27967,1.35538,1.42938,1.50158,1.57194,1.64038,1.70686,1.77134,1.83375,1.89407,1.95227,2.0083,2.06215,2.11379,2.16319,2.21035,2.25525,2.29787,2.33821,2.37625,2.412,2.44545,2.47659,2.50542,2.53194,2.55615,2.57805,2.59764,2.61493,2.62991,2.64258,2.65294,2.661,2.66676,2.67021,2.67136,2.67021,2.66676,2.661,2.65294,2.64258,2.62991,2.61493,2.59764,2.57805,2.55615,2.53194,2.50542,2.47659,2.44545,2.412,2.37625,2.33821,2.29787,2.25525,2.21035,2.16319,2.11379,2.06215,2.0083,1.95227,1.89407,1.83375,1.77134,1.70686,1.64038,1.57194,1.50158,1.42938,1.35538,1.27967,1.20231,1.12339,1.04298,0.961189,0.878099,0.793813,0.708437,0.622079,0.534852,0.446874,0.358265,0.269147,0.179645,0.0898868,0,
0,0.0932901,0.186444,0.279326,0.371801,0.463737,0.555005,0.645477,0.735029,0.823544,0.910905,0.997003,1.08173,1.165,1.2467,1.32676,1.40508,1.4816,1.55624,1.62893,1.69963,1.76827,1.83481,1.8992,1.96141,2.02139,2.07913,2.13459,2.18776,2.23861,2.28713,2.3333,2.37712,2.41858,2.45767,2.49439,2.52874,2.5607,2.5903,2.61751,2.64235,2.66481,2.6849,2.70262,2.71798,2.73097,2.74159,2.74985,2.75575,2.75929,2.76047,2.75929,2.75575,2.74985,2.74159,2.73097,2.71798,2.70262,2.6849,2.66481,2.64235,2.61751,2.5903,2.5607,2.52874,2.49439,2.45767,2.41858,2.37712,2.3333,2.28713,2.23861,2.18776,2.13459,2.07913,2.02139,1.96141,1.8992,1.83481,1.76827,1.69963,1.62893,1.55624,1.4816,1.40508,1.32676,1.2467,1.165,1.08173,0.997003,0.910905,0.823544,0.735029,0.645477,0.555005,0.463737,0.371801,0.279326,0.186444,0.0932901,0,
0,0.0968298,0.193515,0.289911,0.385876,0.48127,0.575953,0.669794,0.76266,0.854427,0.944974,1.03419,1.12195,1.20817,1.29274,1.37557,1.45658,1.53569,1.61283,1.68793,1.76093,1.83178,1.90043,1.96683,2.03096,2.09277,2.15223,2.20933,2.26405,2.31636,2.36625,2.41371,2.45874,2.50133,2.54147,2.57916,2.61441,2.6472,2.67755,2.70545,2.73092,2.75394,2.77453,2.79269,2.80842,2.82172,2.8326,2.84106,2.8471,2.85073,2.85193,2.85073,2.8471,2.84106,2.8326,2.82172,2.80842,2.79269,2.77453,2.75394,2.73092,2.70545,2.67755,2.6472,2.61441,2.57916,2.54147,2.50133,2.45874,2.41371,2.36625,2.31636,2.26405,2.20933,2.15223,2.09277,2.03096,1.96683,1.90043,1.83178,1.76093,1.68793,1.61283,1.53569,1.45658,1.37557,1.29274,1.20817,1.12195,1.03419,0.944974,0.854427,0.76266,0.669794,0.575953,0.48127,0.385876,0.289911,0.193515,0.0968298,0,
0,0.100514,0.200875,0.300928,0.400523,0.499511,0.597745,0.695085,0.791391,0.886531,0.980378,1.07281,1.16372,1.25299,1.34052,1.42621,1.50999,1.59177,1.67147,1.74903,1.82439,1.89749,1.96829,2.03675,2.10282,2.16648,2.2277,2.28646,2.34274,2.39652,2.4478,2.49656,2.5428,2.58652,2.62771,2.66638,2.70252,2.73614,2.76725,2.79584,2.82193,2.84551,2.86659,2.88518,2.90128,2.9149,2.92603,2.93469,2.94087,2.94458,2.94582,2.94458,2.94087,2.93469,2.92603,2.9149,2.90128,2.88518,2.86659,2.84551,2.82193,2.79584,2.76725,2.73614,2.70252,2.66638,2.62771,2.58652,2.5428,2.49656,2.4478,2.39652,2.34274,2.28646,2.2277,2.16648,2.10282,2.03675,1.96829,1.89749,1.82439,1.74903,1.67147,1.59177,1.50999,1.42621,1.34052,1.25299,1.16372,1.07281,0.980378,0.886531,0.791391,0.695085,0.597745,0.499511,0.400523,0.300928,0.200875,0.100514,0,
0,0.104352,0.208541,0.312403,0.415778,0.518506,0.620433,0.721408,0.821286,0.919927,1.0172,1.11297,1.20712,1.29954,1.39012,1.47877,1.5654,1.64991,1.73224,1.81233,1.8901,1.96551,2.0385,2.10905,2.1771,2.24264,2.30564,2.36607,2.42393,2.47919,2.53186,2.58193,2.62938,2.67423,2.71648,2.75612,2.79316,2.8276,2.85946,2.88874,2.91544,2.93957,2.96115,2.98016,2.99663,3.01056,3.02194,3.03079,3.03711,3.04091,3.04217,3.04091,3.03711,3.03079,3.02194,3.01056,2.99663,2.98016,2.96115,2.93957,2.91544,2.88874,2.85946,2.8276,2.79316,2.75612,2.71648,2.67423,2.62938,2.58193,2.53186,2.47919,2.42393,2.36607,2.30564,2.24264,2.1771,2.10905,2.0385,1.96551,1.8901,1.81233,1.73224,1.64991,1.5654,1.47877,1.39012,1.29954,1.20712,1.11297,1.0172,0.919927,0.821286,0.721408,0.620433,0.518506,0.415778,0.312403,0.208541,0.104352,0,
0,0.108355,0.216534,0.324366,0.431678,0.538301,0.644072,0.748829,0.85242,0.954695,1.05551,1.15474,1.25225,1.34793,1.44167,1.53336,1.62291,1.71024,1.79527,1.87794,1.95817,2.03593,2.11116,2.18383,2.2539,2.32134,2.38613,2.44826,2.5077,2.56446,2.61853,2.6699,2.71857,2.76455,2.80785,2.84846,2.88639,2.92165,2.95426,2.98421,3.01152,3.0362,3.05826,3.07769,3.09453,3.10875,3.12039,3.12943,3.13589,3.13976,3.14105,3.13976,3.13589,3.12943,3.12039,3.10875,3.09453,3.07769,3.05826,3.0362,3.01152,2.98421,2.95426,2.92165,2.88639,2.84846,2.80785,2.76455,2.71857,2.6699,2.61853,2.56446,2.5077,2.44826,2.38613,2.32134,2.2539,2.18383,2.11116,2.03593,1.95817,1.87794,1.79527,1.71024,1.62291,1.53336,1.44167,1.34793,1.25225,1.15474,1.05551,0.954695,0.85242,0.748829,0.644072,0.538301,0.431678,0.324366,0.216534,0.108355,0,
0,0.112531,0.224876,0.336849,0.448267,0.55895,0.668724,0.777418,0.884868,0.990919,1.09542,1.19823,1.29922,1.39827,1.49526,1.59008,1.68264,1.77287,1.86066,1.94597,2.02873,2.10888,2.18639,2.26121,2.33332,2.40268,2.46929,2.53312,2.59417,2.65243,2.70789,2.76057,2.81046,2.85757,2.9019,2.94347,2.98229,3.01836,3.0517,3.08232,3.11024,3.13545,3.15798,3.17783,3.19502,3.20955,3.22142,3.23065,3.23724,3.24119,3.24251,3.24119,3.23724,3.23065,3.22142,3.20955,3.19502,3.17783,3.15798,3.13545,3.11024,3.08232,3.0517,3.01836,2.98229,2.94347,2.9019,2.85757,2.81046,2.76057,2.70789,2.65243,2.59417,2.53312,2.46929,2.40268,2.33332,2.26121,2.18639,2.10888,2.02873,1.94597,1.86066,1.77287,1.68264,1.59008,1.49526,1.39827,1.29922,1.19823,1.09542,0.990919,0.884868,0.777418,0.668724,0.55895,0.448267,0.336849,0.224876,0.112531,0,
0,0.116894,0.233589,0.349886,0.46559,0.580509,0.694456,0.80725,0.918717,1.02869,1.13702,1.24355,1.34814,1.45066,1.55101,1.64906,1.74473,1.83791,1.92855,2.01656,2.10189,2.18448,2.2643,2.34131,2.41548,2.48679,2.55522,2.62077,2.68342,2.74318,2.80005,2.85403,2.90512,2.95335,2.99872,3.04124,3.08093,3.1178,3.15187,3.18314,3.21165,3.23739,3.26038,3.28064,3.29817,3.31299,3.3251,3.33452,3.34124,3.34527,3.34661,3.34527,3.34124,3.33452,3.3251,3.31299,3.29817,3.28064,3.26038,3.23739,3.21165,3.18314,3.15187,3.1178,3.08093,3.04124,2.99872,2.95335,2.90512,2.85403,2.80005,2.74318,2.68342,2.62077,2.55522,2.48679,2.41548,2.34131,2.2643,2.18448,2.10189,2.01656,1.92855,1.83791,1.74473,1.64906,1.55101,1.45066,1.34814,1.24355,1.13702,1.02869,0.918717,0.80725,0.694456,0.580509,0.46559,0.349886,0.233589,0.116894,0,
0,0.121457,0.2427,0.363517,0.483699,0.603039,0.72134,0.838408,0.954058,1.06811,1.18041,1.29079,1.39911,1.50524,1.60905,1.71043,1.80928,1.90552,1.99905,2.08983,2.17778,2.26286,2.34503,2.42425,2.50051,2.57377,2.64405,2.71131,2.77557,2.83683,2.89509,2.95036,3.00266,3.05199,3.09838,3.14184,3.18239,3.22004,3.25482,3.28674,3.31582,3.34207,3.36552,3.38617,3.40404,3.41914,3.43148,3.44107,3.44792,3.45202,3.45339,3.45202,3.44792,3.44107,3.43148,3.41914,3.40404,3.38617,3.36552,3.34207,3.31582,3.28674,3.25482,3.22004,3.18239,3.14184,3.09838,3.05199,3.00266,2.95036,2.89509,2.83683,2.77557,2.71131,2.64405,2.57377,2.50051,2.42425,2.34503,2.26286,2.17778,2.08983,1.99905,1.90552,1.80928,1.71043,1.60905,1.50524,1.39911,1.29079,1.18041,1.06811,0.954058,0.838408,0.72134,0.603039,0.483699,0.363517,0.2427,0.121457,0,
0,0.126233,0.252237,0.377784,0.502648,0.62661,0.749457,0.870983,0.990992,1.1093,1.22572,1.3401,1.45229,1.56214,1.66952,1.77433,1.87646,1.97581,2.07232,2.16592,2.25654,2.34414,2.42869,2.51016,2.58852,2.66376,2.73587,2.80486,2.87073,2.93347,2.99312,3.04967,3.10316,3.15358,3.20097,3.24535,3.28674,3.32516,3.36063,3.39318,3.42282,3.44957,3.47345,3.49448,3.51268,3.52805,3.54061,3.55037,3.55734,3.56152,3.56291,3.56152,3.55734,3.55037,3.54061,3.52805,3.51268,3.49448,3.47345,3.44957,3.42282,3.39318,3.36063,3.32516,3.28674,3.24535,3.20097,3.15358,3.10316,3.04967,2.99312,2.93347,2.87073,2.80486,2.73587,2.66376,2.58852,2.51016,2.42869,2.34414,2.25654,2.16592,2.07232,1.97581,1.87646,1.77433,1.66952,1.56214,1.45229,1.3401,1.22572,1.1093,0.990992,0.870983,0.749457,0.62661,0.502648,0.377784,0.252237,0.126233,0,
0,0.13124,0.262232,0.392732,0.522499,0.651296,0.778895,0.905077,1.02963,1.15236,1.27308,1.39161,1.5078,1.62149,1.73257,1.84091,1.9464,2.04896,2.14851,2.24498,2.33832,2.42849,2.51544,2.59917,2.67964,2.75686,2.83083,2.90153,2.96899,3.03322,3.09424,3.15206,3.20671,3.25821,3.30658,3.35186,3.39407,3.43323,3.46937,3.50252,3.5327,3.55993,3.58423,3.60563,3.62414,3.63977,3.65255,3.66247,3.66955,3.6738,3.67521,3.6738,3.66955,3.66247,3.65255,3.63977,3.62414,3.60563,3.58423,3.55993,3.5327,3.50252,3.46937,3.43323,3.39407,3.35186,3.30658,3.25821,3.20671,3.15206,3.09424,3.03322,2.96899,2.90153,2.83083,2.75686,2.67964,2.59917,2.51544,2.42849,2.33832,2.24498,2.14851,2.04896,1.9464,1.84091,1.73257,1.62149,1.5078,1.39161,1.27308,1.15236,1.02963,0.905077,0.778895,0.651296,0.522499,0.392732,0.262232,0.13124,0,
0,0.136493,0.272719,0.408414,0.543319,0.67718,0.809751,0.940797,1.07009,1.19743,1.32261,1.44546,1.56579,1.68347,1.79836,1.91033,2.01928,2.12512,2.22777,2.32718,2.42328,2.51604,2.60543,2.69143,2.77403,2.85323,2.92903,3.00145,3.07049,3.13619,3.19855,3.25762,3.31341,3.36595,3.41528,3.46143,3.50443,3.54431,3.5811,3.61483,3.64553,3.67322,3.69792,3.71967,3.73847,3.75436,3.76733,3.77741,3.7846,3.78891,3.79035,3.78891,3.7846,3.77741,3.76733,3.75436,3.73847,3.71967,3.69792,3.67322,3.64553,3.61483,3.5811,3.54431,3.50443,3.46143,3.41528,3.36595,3.31341,3.25762,3.19855,3.13619,3.07049,3.00145,2.92903,2.85323,2.77403,2.69143,2.60543,2.51604,2.42328,2.32718,2.22777,2.12512,2.01928,1.91033,1.79836,1.68347,1.56579,1.44546,1.32261,1.19743,1.07009,0.940797,0.809751,0.67718,0.543319,0.408414,0.272719,0.136493,0,
0,0.142012,0.283737,0.424887,0.565184,0.704353,0.842131,0.978266,1.11252,1.24466,1.37449,1.50181,1.62645,1.74825,1.86706,1.98277,2.09527,2.20447,2.31029,2.41267,2.51157,2.60696,2.6988,2.78708,2.87181,2.95299,3.03063,3.10474,3.17535,3.24248,3.30617,3.36645,3.42335,3.47691,3.52717,3.57416,3.61792,3.65849,3.6959,3.73018,3.76137,3.78949,3.81457,3.83665,3.85573,3.87185,3.88501,3.89523,3.90252,3.9069,3.90835,3.9069,3.90252,3.89523,3.88501,3.87185,3.85573,3.83665,3.81457,3.78949,3.76137,3.73018,3.6959,3.65849,3.61792,3.57416,3.52717,3.47691,3.42335,3.36645,3.30617,3.24248,3.17535,3.10474,3.03063,2.95299,2.87181,2.78708,2.6988,2.60696,2.51157,2.41267,2.31029,2.20447,2.09527,1.98277,1.86706,1.74825,1.62645,1.50181,1.37449,1.24466,1.11252,0.978266,0.842131,0.704353,0.565184,0.424887,0.283737,0.142012,0,
0,0.14782,0.295328,0.442214,0.588176,0.732918,0.876155,1.01762,1.15705,1.29421,1.42888,1.56085,1.68995,1.816,1.93887,2.05842,2.17456,2.28719,2.39624,2.50165,2.60339,2.70142,2.79572,2.8863,2.97315,3.0563,3.13574,3.21153,3.28367,3.35222,3.4172,3.47866,3.53664,3.59118,3.64232,3.69012,3.7346,3.77582,3.81382,3.84862,3.88027,3.9088,3.93424,3.95662,3.97596,3.99229,4.00563,4.01598,4.02337,4.0278,4.02927,4.0278,4.02337,4.01598,4.00563,3.99229,3.97596,3.95662,3.93424,3.9088,3.88027,3.84862,3.81382,3.77582,3.7346,3.69012,3.64232,3.59118,3.53664,3.47866,3.4172,3.35222,3.28367,3.21153,3.13574,3.0563,2.97315,2.8863,2.79572,2.70142,2.60339,2.50165,2.39624,2.28719,2.17456,2.05842,1.93887,1.816,1.68995,1.56085,1.42888,1.29421,1.15705,1.01762,0.876155,0.732918,0.588176,0.442214,0.295328,0.14782,0,
0,0.15394,0.30754,0.460466,0.612388,0.762986,0.911955,1.059,1.20385,1.34625,1.48596,1.62277,1.75649,1.88694,2.01399,2.13749,2.25736,2.37349,2.48582,2.59431,2.69891,2.7996,2.89638,2.98924,3.07821,3.16329,3.24453,3.32195,3.3956,3.46552,3.53175,3.59435,3.65336,3.70884,3.76083,3.80938,3.85455,3.89639,3.93492,3.97021,4.00229,4.03119,4.05696,4.07962,4.0992,4.11573,4.12922,4.1397,4.14717,4.15165,4.15315,4.15165,4.14717,4.1397,4.12922,4.11573,4.0992,4.07962,4.05696,4.03119,4.00229,3.97021,3.93492,3.89639,3.85455,3.80938,3.76083,3.70884,3.65336,3.59435,3.53175,3.46552,3.3956,3.32195,3.24453,3.16329,3.07821,2.98924,2.89638,2.7996,2.69891,2.59431,2.48582,2.37349,2.25736,2.13749,2.01399,1.88694,1.75649,1.62277,1.48596,1.34625,1.20385,1.059,0.911955,0.762986,0.612388,0.460466,0.30754,0.15394,0,
0,0.160398,0.320427,0.479722,0.637923,0.794685,0.949676,1.10258,1.2531,1.40097,1.54594,1.68778,1.82629,1.96129,2.09264,2.22021,2.34389,2.46359,2.57926,2.69085,2.79833,2.9017,3.00094,3.09608,3.18714,3.27414,3.35713,3.43615,3.51126,3.5825,3.64994,3.71362,3.77362,3.82998,3.88277,3.93203,3.97784,4.02024,4.05928,4.09502,4.12748,4.15673,4.18279,4.2057,4.2255,4.2422,4.25584,4.26642,4.27397,4.2785,4.28,4.2785,4.27397,4.26642,4.25584,4.2422,4.2255,4.2057,4.18279,4.15673,4.12748,4.09502,4.05928,4.02024,3.97784,3.93203,3.88277,3.82998,3.77362,3.71362,3.64994,3.5825,3.51126,3.43615,3.35713,3.27414,3.18714,3.09608,3.00094,2.9017,2.79833,2.69085,2.57926,2.46359,2.34389,2.22021,2.09264,1.96129,1.82629,1.68778,1.54594,1.40097,1.2531,1.10258,0.949676,0.794685,0.637923,0.479722,0.320427,0.160398,0,
0,0.167227,0.33405,0.50007,0.664897,0.828155,0.989483,1.14854,1.30501,1.4586,1.60905,1.75612,1.8996,2.0393,2.17508,2.30681,2.43438,2.55773,2.67678,2.7915,2.90188,3.00792,3.10962,3.207,3.30012,3.389,3.4737,3.55427,3.63078,3.7033,3.77188,3.83659,3.89751,3.9547,4.00822,4.05815,4.10454,4.14745,4.18695,4.22308,4.2559,4.28545,4.31177,4.33491,4.35489,4.37174,4.3855,4.39618,4.40379,4.40836,4.40988,4.40836,4.40379,4.39618,4.3855,4.37174,4.35489,4.33491,4.31177,4.28545,4.2559,4.22308,4.18695,4.14745,4.10454,4.05815,4.00822,3.9547,3.89751,3.83659,3.77188,3.7033,3.63078,3.55427,3.4737,3.389,3.30012,3.207,3.10962,3.00792,2.90188,2.7915,2.67678,2.55773,2.43438,2.30681,2.17508,2.0393,1.8996,1.75612,1.60905,1.4586,1.30501,1.14854,0.989483,0.828155,0.664897,0.50007,0.33405,0.167227,0,
0,0.174459,0.348475,0.521611,0.693442,0.863555,1.03156,1.19709,1.3598,1.51938,1.67554,1.82805,1.97668,2.12124,2.26158,2.39757,2.52912,2.65615,2.77862,2.8965,3.00978,3.11847,3.2226,3.3222,3.41733,3.50804,3.59439,3.67645,3.75431,3.82802,3.89768,3.96335,4.02513,4.08308,4.13727,4.1878,4.23471,4.27809,4.31799,4.35447,4.38759,4.4174,4.44394,4.46726,4.4874,4.50438,4.51824,4.529,4.53667,4.54126,4.54279,4.54126,4.53667,4.529,4.51824,4.50438,4.4874,4.46726,4.44394,4.4174,4.38759,4.35447,4.31799,4.27809,4.23471,4.1878,4.13727,4.08308,4.02513,3.96335,3.89768,3.82802,3.75431,3.67645,3.59439,3.50804,3.41733,3.3222,3.2226,3.11847,3.00978,2.8965,2.77862,2.65615,2.52912,2.39757,2.26158,2.12124,1.97668,1.82805,1.67554,1.51938,1.3598,1.19709,1.03156,0.863555,0.693442,0.521611,0.348475,0.174459,0,
0,0.182133,0.363779,0.544459,0.723703,0.901064,1.07611,1.24845,1.41771,1.58356,1.7457,1.90386,2.05782,2.20739,2.35241,2.49277,2.62837,2.75914,2.88505,3.00609,3.12226,3.23358,3.34011,3.44188,3.53896,3.63143,3.71937,3.80285,3.88196,3.9568,4.02746,4.09402,4.15657,4.21521,4.27001,4.32105,4.36842,4.4122,4.45244,4.48921,4.52258,4.55261,4.57933,4.6028,4.62306,4.64015,4.65409,4.6649,4.67261,4.67723,4.67877,4.67723,4.67261,4.6649,4.65409,4.64015,4.62306,4.6028,4.57933,4.55261,4.52258,4.48921,4.45244,4.4122,4.36842,4.32105,4.27001,4.21521,4.15657,4.09402,4.02746,3.9568,3.88196,3.80285,3.71937,3.63143,3.53896,3.44188,3.34011,3.23358,3.12226,3.00609,2.88505,2.75914,2.62837,2.49277,2.35241,2.20739,2.05782,1.90386,1.7457,1.58356,1.41771,1.24845,1.07611,0.901064,0.723703,0.544459,0.363779,0.182133,0,
0,0.190294,0.38005,0.56874,0.755849,0.940884,1.12338,1.3029,1.47904,1.65146,1.81982,1.98387,2.14335,2.29809,2.44792,2.59273,2.73244,2.86699,2.99636,3.12055,3.23958,3.3535,3.46237,3.56624,3.66521,3.75937,3.8488,3.93361,4.0139,4.08977,4.16134,4.22869,4.29194,4.35117,4.40649,4.45798,4.50574,4.54983,4.59035,4.62736,4.66093,4.69111,4.71797,4.74156,4.76191,4.77906,4.79305,4.80391,4.81165,4.81629,4.81783,4.81629,4.81165,4.80391,4.79305,4.77906,4.76191,4.74156,4.71797,4.69111,4.66093,4.62736,4.59035,4.54983,4.50574,4.45798,4.40649,4.35117,4.29194,4.22869,4.16134,4.08977,4.0139,3.93361,3.8488,3.75937,3.66521,3.56624,3.46237,3.3535,3.23958,3.12055,2.99636,2.86699,2.73244,2.59273,2.44792,2.29809,2.14335,1.98387,1.81982,1.65146,1.47904,1.3029,1.12338,0.940884,0.755849,0.56874,0.38005,0.190294,0,
0,0.198991,0.397388,0.594604,0.79007,0.983245,1.17362,1.36071,1.5441,1.7234,1.89828,2.06843,2.23364,2.39369,2.54845,2.6978,2.84167,2.98002,3.11284,3.24016,3.36202,3.47848,3.58961,3.69551,3.79628,3.89202,3.98285,4.06889,4.15025,4.22706,4.29942,4.36747,4.43131,4.49105,4.5468,4.59865,4.64671,4.69105,4.73178,4.76895,4.80265,4.83295,4.85989,4.88354,4.90394,4.92114,4.93516,4.94603,4.95378,4.95843,4.95998,4.95843,4.95378,4.94603,4.93516,4.92114,4.90394,4.88354,4.85989,4.83295,4.80265,4.76895,4.73178,4.69105,4.64671,4.59865,4.5468,4.49105,4.43131,4.36747,4.29942,4.22706,4.15025,4.06889,3.98285,3.89202,3.79628,3.69551,3.58961,3.47848,3.36202,3.24016,3.11284,2.98002,2.84167,2.6978,2.54845,2.39369,2.23364,2.06843,1.89828,1.7234,1.5441,1.36071,1.17362,0.983245,0.79007,0.594604,0.397388,0.198991,0,
0,0.208284,0.415906,0.622216,0.826583,1.02841,1.22713,1.42223,1.61325,1.79977,1.98144,2.15796,2.32907,2.4946,2.65439,2.80835,2.95641,3.09857,3.23484,3.36524,3.48986,3.60878,3.72209,3.82991,3.93237,4.02958,4.1217,4.20884,4.29115,4.36877,4.44183,4.51046,4.57478,4.63492,4.691,4.74312,4.79138,4.8359,4.87675,4.91402,4.94779,4.97813,5.00511,5.02878,5.04919,5.06639,5.08041,5.09128,5.09903,5.10367,5.10522,5.10367,5.09903,5.09128,5.08041,5.06639,5.04919,5.02878,5.00511,4.97813,4.94779,4.91402,4.87675,4.8359,4.79138,4.74312,4.691,4.63492,4.57478,4.51046,4.44183,4.36877,4.29115,4.20884,4.1217,4.02958,3.93237,3.82991,3.72209,3.60878,3.48986,3.36524,3.23484,3.09857,2.95641,2.80835,2.65439,2.4946,2.32907,2.15796,1.98144,1.79977,1.61325,1.42223,1.22713,1.02841,0.826583,0.622216,0.415906,0.208284,0,
0,0.218238,0.435737,0.651771,0.865639,1.07668,1.28426,1.48784,1.6869,1.881,2.06976,2.25288,2.4301,2.60124,2.76616,2.92478,3.07707,3.22302,3.36268,3.49611,3.62341,3.74468,3.86006,3.96968,4.07369,4.17225,4.26551,4.35363,4.43676,4.51505,4.58867,4.65775,4.72244,4.78287,4.83916,4.89144,4.93982,4.9844,5.02529,5.06258,5.09635,5.12668,5.15363,5.17727,5.19765,5.21481,5.2288,5.23965,5.24738,5.25201,5.25355,5.25201,5.24738,5.23965,5.2288,5.21481,5.19765,5.17727,5.15363,5.12668,5.09635,5.06258,5.02529,4.9844,4.93982,4.89144,4.83916,4.78287,4.72244,4.65775,4.58867,4.51505,4.43676,4.35363,4.26551,4.17225,4.07369,3.96968,3.86006,3.74468,3.62341,3.49611,3.36268,3.22302,3.07707,2.92478,2.76616,2.60124,2.4301,2.25288,2.06976,1.881,1.6869,1.48784,1.28426,1.07668,0.865639,0.651771,0.435737,0.218238,0,
0,0.228931,0.457033,0.683492,0.907524,1.12839,1.34541,1.55796,1.7655,1.96755,2.16372,2.35369,2.53721,2.71409,2.88423,3.04755,3.20406,3.35377,3.49675,3.63312,3.76298,3.88648,4.00379,4.11506,4.22048,4.32022,4.41446,4.5034,4.58719,4.66602,4.74005,4.80944,4.87436,4.93494,4.99133,5.04365,5.09204,5.1366,5.17745,5.21467,5.24836,5.2786,5.30547,5.32902,5.34932,5.36641,5.38034,5.39114,5.39883,5.40344,5.40498,5.40344,5.39883,5.39114,5.38034,5.36641,5.34932,5.32902,5.30547,5.2786,5.24836,5.21467,5.17745,5.1366,5.09204,5.04365,4.99133,4.93494,4.87436,4.80944,4.74005,4.66602,4.58719,4.5034,4.41446,4.32022,4.22048,4.11506,4.00379,3.88648,3.76298,3.63312,3.49675,3.35377,3.20406,3.04755,2.88423,2.71409,2.53721,2.35369,2.16372,1.96755,1.7655,1.55796,1.34541,1.12839,0.907524,0.683492,0.457033,0.228931,0,
0,0.240454,0.479973,0.71764,0.952575,1.18396,1.41102,1.6331,1.84959,2.05999,2.26389,2.46096,2.65095,2.8337,3.00911,3.17715,3.33783,3.49123,3.63745,3.77662,3.9089,4.03448,4.15355,4.26629,4.37294,4.47368,4.56874,4.6583,4.74258,4.82177,4.89606,4.96561,5.03061,5.09121,5.14756,5.19981,5.24809,5.29252,5.33322,5.37029,5.40382,5.4339,5.46062,5.48403,5.50419,5.52117,5.53501,5.54573,5.55337,5.55794,5.55947,5.55794,5.55337,5.54573,5.53501,5.52117,5.50419,5.48403,5.46062,5.4339,5.40382,5.37029,5.33322,5.29252,5.24809,5.19981,5.14756,5.09121,5.03061,4.96561,4.89606,4.82177,4.74258,4.6583,4.56874,4.47368,4.37294,4.26629,4.15355,4.03448,3.9089,3.77662,3.63745,3.49123,3.33783,3.17715,3.00911,2.8337,2.65095,2.46096,2.26389,2.05999,1.84959,1.6331,1.41102,1.18396,0.952575,0.71764,0.479973,0.240454,0,
0,0.252913,0.504764,0.754518,1.00118,1.24383,1.48163,1.71382,1.93977,2.15894,2.37089,2.5753,2.77193,2.96064,3.14136,3.3141,3.4789,3.63588,3.78519,3.92701,4.06154,4.189,4.30962,4.42364,4.5313,4.63284,4.72849,4.8185,4.90307,4.98244,5.05679,5.12634,5.19125,5.25172,5.3079,5.35994,5.40799,5.45218,5.49262,5.52944,5.56272,5.59257,5.61907,5.64227,5.66226,5.67908,5.69278,5.7034,5.71097,5.7155,5.71701,5.7155,5.71097,5.7034,5.69278,5.67908,5.66226,5.64227,5.61907,5.59257,5.56272,5.52944,5.49262,5.45218,5.40799,5.35994,5.3079,5.25172,5.19125,5.12634,5.05679,4.98244,4.90307,4.8185,4.72849,4.63284,4.5313,4.42364,4.30962,4.189,4.06154,3.92701,3.78519,3.63588,3.4789,3.3141,3.14136,2.96064,2.77193,2.5753,2.37089,2.15894,1.93977,1.71382,1.48163,1.24383,1.00118,0.754518,0.504764,0.252913,0,
0,0.266432,0.531654,0.794485,1.0538,1.30856,1.55783,1.80079,2.03673,2.2651,2.48543,2.69742,2.90084,3.09558,3.28161,3.45897,3.62778,3.7882,3.94043,4.08469,4.22124,4.35035,4.47229,4.58734,4.69577,4.79787,4.8939,4.98412,5.06878,5.14811,5.22234,5.29169,5.35635,5.41652,5.47237,5.52406,5.57175,5.61557,5.65565,5.69212,5.72507,5.7546,5.7808,5.80374,5.8235,5.84011,5.85365,5.86413,5.8716,5.87607,5.87756,5.87607,5.8716,5.86413,5.85365,5.84011,5.8235,5.80374,5.7808,5.7546,5.72507,5.69212,5.65565,5.61557,5.57175,5.52406,5.47237,5.41652,5.35635,5.29169,5.22234,5.14811,5.06878,4.98412,4.8939,4.79787,4.69577,4.58734,4.47229,4.35035,4.22124,4.08469,3.94043,3.7882,3.62778,3.45897,3.28161,3.09558,2.90084,2.69742,2.48543,2.2651,2.03673,1.80079,1.55783,1.30856,1.0538,0.794485,0.531654,0.266432,0,
0,0.281163,0.560935,0.837966,1.11098,1.37879,1.64035,1.89477,2.14128,2.37928,2.60833,2.8281,3.03843,3.23922,3.43051,3.6124,3.78506,3.94872,4.10363,4.25008,4.38839,4.51887,4.64185,4.75765,4.86659,4.96898,5.06512,5.15531,5.2398,5.31888,5.39278,5.46173,5.52595,5.58564,5.641,5.69219,5.73937,5.7827,5.82231,5.85831,5.89083,5.91996,5.94579,5.9684,5.98786,6.00423,6.01756,6.02788,6.03523,6.03963,6.0411,6.03963,6.03523,6.02788,6.01756,6.00423,5.98786,5.9684,5.94579,5.91996,5.89083,5.85831,5.82231,5.7827,5.73937,5.69219,5.641,5.58564,5.52595,5.46173,5.39278,5.31888,5.2398,5.15531,5.06512,4.96898,4.86659,4.75765,4.64185,4.51887,4.38839,4.25008,4.10363,3.94872,3.78506,3.6124,3.43051,3.23922,3.03843,2.8281,2.60833,2.37928,2.14128,1.89477,1.64035,1.37879,1.11098,0.837966,0.560935,0.281163,0,
0,0.297283,0.592959,0.885468,1.17335,1.45526,1.73003,1.99665,2.25433,2.50243,2.74049,2.96824,3.18554,3.39237,3.58881,3.77506,3.95135,4.11798,4.27528,4.42362,4.56336,4.69489,4.81859,4.93482,5.04395,5.14633,5.2423,5.33217,5.41625,5.49483,5.56816,5.63649,5.70007,5.7591,5.81379,5.86432,5.91086,5.95356,5.99256,6.028,6.05998,6.08862,6.114,6.13621,6.15532,6.17139,6.18447,6.1946,6.20181,6.20613,6.20756,6.20613,6.20181,6.1946,6.18447,6.17139,6.15532,6.13621,6.114,6.08862,6.05998,6.028,5.99256,5.95356,5.91086,5.86432,5.81379,5.7591,5.70007,5.63649,5.56816,5.49483,5.41625,5.33217,5.2423,5.14633,5.04395,4.93482,4.81859,4.69489,4.56336,4.42362,4.27528,4.11798,3.95135,3.77506,3.58881,3.39237,3.18554,2.96824,2.74049,2.50243,2.25433,1.99665,1.73003,1.45526,1.17335,0.885468,0.592959,0.297283,0,
0,0.31501,0.628147,0.937602,1.24168,1.53887,1.82784,2.10749,2.37696,2.6356,2.88297,3.11884,3.34312,3.55589,3.75732,3.94767,4.12729,4.29656,4.4559,4.60575,4.74655,4.87875,5.00279,5.11909,5.22806,5.3301,5.42558,5.51484,5.59821,5.67602,5.74853,5.81602,5.87874,5.93691,5.99075,6.04044,6.08618,6.1281,6.16638,6.20113,6.23248,6.26053,6.28539,6.30713,6.32582,6.34154,6.35433,6.36423,6.37128,6.3755,6.37691,6.3755,6.37128,6.36423,6.35433,6.34154,6.32582,6.30713,6.28539,6.26053,6.23248,6.20113,6.16638,6.1281,6.08618,6.04044,5.99075,5.93691,5.87874,5.81602,5.74853,5.67602,5.59821,5.51484,5.42558,5.3301,5.22806,5.11909,5.00279,4.87875,4.74655,4.60575,4.4559,4.29656,4.12729,3.94767,3.75732,3.55589,3.34312,3.11884,2.88297,2.6356,2.37696,2.10749,1.82784,1.53887,1.24168,0.937602,0.628147,0.31501,0,
0,0.33461,0.667019,0.995109,1.31692,1.6307,1.93497,2.22852,2.51042,2.78003,3.03695,3.28102,3.51223,3.73076,3.93689,4.13102,4.31359,4.48508,4.64602,4.79693,4.93834,5.07078,5.19473,5.31069,5.41911,5.52044,5.61506,5.70338,5.78575,5.86249,5.93392,6.00032,6.06195,6.11905,6.17184,6.22053,6.2653,6.30631,6.34372,6.37767,6.40827,6.43564,6.45989,6.48108,6.4993,6.51461,6.52707,6.53672,6.54358,6.54769,6.54906,6.54769,6.54358,6.53672,6.52707,6.51461,6.4993,6.48108,6.45989,6.43564,6.40827,6.37767,6.34372,6.30631,6.2653,6.22053,6.17184,6.11905,6.06195,6.00032,5.93392,5.86249,5.78575,5.70338,5.61506,5.52044,5.41911,5.31069,5.19473,5.07078,4.93834,4.79693,4.64602,4.48508,4.31359,4.13102,3.93689,3.73076,3.51223,3.28102,3.03695,2.78003,2.51042,2.22852,1.93497,1.6307,1.31692,0.995109,0.667019,0.33461,0,
0,0.35641,0.710209,1.0589,1.40018,1.73205,2.05282,2.36118,2.65617,2.93715,3.2038,3.45604,3.69401,3.91801,4.12848,4.32593,4.51095,4.68415,4.84616,4.99761,5.13912,5.27128,5.39467,5.50982,5.61726,5.71746,5.81086,5.89788,5.97891,6.05429,6.12435,6.18939,6.24969,6.3055,6.35705,6.40454,6.44817,6.48812,6.52453,6.55754,6.58729,6.61389,6.63743,6.65801,6.67569,6.69055,6.70263,6.71198,6.71864,6.72262,6.72395,6.72262,6.71864,6.71198,6.70263,6.69055,6.67569,6.65801,6.63743,6.61389,6.58729,6.55754,6.52453,6.48812,6.44817,6.40454,6.35705,6.3055,6.24969,6.18939,6.12435,6.05429,5.97891,5.89788,5.81086,5.71746,5.61726,5.50982,5.39467,5.27128,5.13912,4.99761,4.84616,4.68415,4.51095,4.32593,4.12848,3.91801,3.69401,3.45604,3.2038,2.93715,2.65617,2.36118,2.05282,1.73205,1.40018,1.0589,0.710209,0.35641,0,
0,0.380821,0.758511,1.13009,1.49286,1.84448,2.18308,2.50722,2.81593,3.10861,3.38506,3.64534,3.88976,4.11881,4.33308,4.53328,4.72014,4.89441,5.05686,5.20823,5.34923,5.48055,5.60283,5.71668,5.82265,5.92128,6.01304,6.09838,6.17771,6.2514,6.31979,6.3832,6.44192,6.49621,6.5463,6.59241,6.63474,6.67346,6.70872,6.74069,6.76947,6.79519,6.81795,6.83783,6.85491,6.86925,6.88092,6.88994,6.89637,6.90021,6.90149,6.90021,6.89637,6.88994,6.88092,6.86925,6.85491,6.83783,6.81795,6.79519,6.76947,6.74069,6.70872,6.67346,6.63474,6.59241,6.5463,6.49621,6.44192,6.3832,6.31979,6.2514,6.17771,6.09838,6.01304,5.92128,5.82265,5.71668,5.60283,5.48055,5.34923,5.20823,5.05686,4.89441,4.72014,4.53328,4.33308,4.11881,3.88976,3.64534,3.38506,3.10861,2.81593,2.50722,2.18308,1.84448,1.49286,1.13009,0.758511,0.380821,0,
0,0.408361,0.812925,1.2101,1.59667,1.96995,2.3278,2.66871,2.9917,3.29631,3.58248,3.8505,4.10089,4.33437,4.55177,4.75397,4.9419,5.11649,5.27864,5.42921,5.56903,5.69886,5.81943,5.9314,6.0354,6.13197,6.22164,6.30489,6.38214,6.4538,6.52021,6.58171,6.63859,6.69112,6.73954,6.78407,6.82491,6.86224,6.89623,6.92701,6.95471,6.97945,7.00134,7.02045,7.03686,7.05064,7.06184,7.07051,7.07668,7.08037,7.0816,7.08037,7.07668,7.07051,7.06184,7.05064,7.03686,7.02045,7.00134,6.97945,6.95471,6.92701,6.89623,6.86224,6.82491,6.78407,6.73954,6.69112,6.63859,6.58171,6.52021,6.4538,6.38214,6.30489,6.22164,6.13197,6.0354,5.9314,5.81943,5.69886,5.56903,5.42921,5.27864,5.11649,4.9419,4.75397,4.55177,4.33437,4.10089,3.8505,3.58248,3.29631,2.9917,2.66871,2.3278,1.96995,1.59667,1.2101,0.812925,0.408361,0,
0,0.4397,0.874729,1.30071,1.71379,2.11083,2.48946,2.8481,3.18585,3.50244,3.79806,4.07328,4.32893,4.56602,4.78564,4.98892,5.17702,5.35102,5.512,5.66095,5.79881,5.92644,6.04463,6.15411,6.25555,6.34955,6.43667,6.51739,6.59218,6.66145,6.72555,6.78484,6.83961,6.89013,6.93666,6.97941,7.01859,7.05438,7.08694,7.11641,7.14292,7.16658,7.1875,7.20576,7.22144,7.2346,7.2453,7.25358,7.25946,7.26299,7.26416,7.26299,7.25946,7.25358,7.2453,7.2346,7.22144,7.20576,7.1875,7.16658,7.14292,7.11641,7.08694,7.05438,7.01859,6.97941,6.93666,6.89013,6.83961,6.78484,6.72555,6.66145,6.59218,6.51739,6.43667,6.34955,6.25555,6.15411,6.04463,5.92644,5.79881,5.66095,5.512,5.35102,5.17702,4.98892,4.78564,4.56602,4.32893,4.07328,3.79806,3.50244,3.18585,2.8481,2.48946,2.11083,1.71379,1.30071,0.874729,0.4397,0,
0,0.47571,0.945584,1.40421,1.84694,2.27012,2.67113,3.04838,3.40118,3.72954,4.03403,4.31562,4.57554,4.81514,5.03584,5.23907,5.42621,5.59857,5.75739,5.90379,6.03882,6.16345,6.27853,6.38486,6.48315,6.57403,6.65808,6.73583,6.80775,6.87425,6.93571,6.99248,7.04487,7.09314,7.13756,7.17833,7.21567,7.24975,7.28074,7.30876,7.33396,7.35645,7.37632,7.39366,7.40854,7.42103,7.43118,7.43903,7.44461,7.44796,7.44907,7.44796,7.44461,7.43903,7.43118,7.42103,7.40854,7.39366,7.37632,7.35645,7.33396,7.30876,7.28074,7.24975,7.21567,7.17833,7.13756,7.09314,7.04487,6.99248,6.93571,6.87425,6.80775,6.73583,6.65808,6.57403,6.48315,6.38486,6.27853,6.16345,6.03882,5.90379,5.75739,5.59857,5.42621,5.23907,5.03584,4.81514,4.57554,4.31562,4.03403,3.72954,3.40118,3.04838,2.67113,2.27012,1.84694,1.40421,0.945584,0.47571,0,
0,0.517555,1.02769,1.52361,1.99965,2.45157,2.87655,3.27313,3.64094,3.9805,4.2929,4.57965,4.84247,5.08315,5.30352,5.50531,5.69019,5.85968,6.01518,6.15799,6.28925,6.41,6.5212,6.62366,6.71815,6.80533,6.8858,6.96011,7.02873,7.09208,7.15056,7.20451,7.25424,7.30001,7.34209,7.38069,7.41601,7.44822,7.47749,7.50395,7.52773,7.54894,7.56767,7.58401,7.59803,7.6098,7.61936,7.62675,7.63201,7.63515,7.6362,7.63515,7.63201,7.62675,7.61936,7.6098,7.59803,7.58401,7.56767,7.54894,7.52773,7.50395,7.47749,7.44822,7.41601,7.38069,7.34209,7.30001,7.25424,7.20451,7.15056,7.09208,7.02873,6.96011,6.8858,6.80533,6.71815,6.62366,6.5212,6.41,6.28925,6.15799,6.01518,5.85968,5.69019,5.50531,5.30352,5.08315,4.84247,4.57965,4.2929,3.9805,3.64094,3.27313,2.87655,2.45157,1.99965,1.52361,1.02769,0.517555,0,
0,0.566823,1.124,1.66288,2.1765,2.65996,3.11037,3.52663,3.90896,4.25861,4.57743,4.86761,5.13152,5.37148,5.58977,5.78848,5.96955,6.13476,6.28568,6.42373,6.55017,6.66612,6.77258,6.87043,6.96045,7.04333,7.11969,7.19008,7.25497,7.31479,7.36995,7.42076,7.46755,7.51059,7.5501,7.58633,7.61945,7.64963,7.67704,7.70181,7.72406,7.7439,7.76141,7.77668,7.78978,7.80077,7.8097,7.8166,7.82151,7.82445,7.82543,7.82445,7.82151,7.8166,7.8097,7.80077,7.78978,7.77668,7.76141,7.7439,7.72406,7.70181,7.67704,7.64963,7.61945,7.58633,7.5501,7.51059,7.46755,7.42076,7.36995,7.31479,7.25497,7.19008,7.11969,7.04333,6.96045,6.87043,6.77258,6.66612,6.55017,6.42373,6.28568,6.13476,5.96955,5.78848,5.58977,5.37148,5.13152,4.86761,4.57743,4.25861,3.90896,3.52663,3.11037,2.65996,2.1765,1.66288,1.124,0.566823,0,
0,0.625736,1.23862,1.8274,2.3835,2.90138,3.37837,3.81405,4.20967,4.56756,4.89058,5.18186,5.44451,5.6815,5.89559,6.08927,6.26479,6.42413,6.56905,6.70108,6.82158,6.93174,7.03258,7.12504,7.2099,7.28786,7.35956,7.42553,7.48627,7.54218,7.59366,7.64105,7.68463,7.72467,7.76141,7.79507,7.82581,7.85382,7.87924,7.9022,7.92281,7.94118,7.95739,7.97153,7.98365,7.99381,8.00207,8.00845,8.01299,8.01571,8.01661,8.01571,8.01299,8.00845,8.00207,7.99381,7.98365,7.97153,7.95739,7.94118,7.92281,7.9022,7.87924,7.85382,7.82581,7.79507,7.76141,7.72467,7.68463,7.64105,7.59366,7.54218,7.48627,7.42553,7.35956,7.28786,7.2099,7.12504,7.03258,6.93174,6.82158,6.70108,6.56905,6.42413,6.26479,6.08927,5.89559,5.6815,5.44451,5.18186,4.89058,4.56756,4.20967,3.81405,3.37837,2.90138,2.3835,1.8274,1.23862,0.625736,0,
0,0.6975,1.37735,2.02461,2.62871,3.18372,3.68766,4.14151,4.54813,4.91137,5.23548,5.52474,5.78315,6.01442,6.22181,6.40823,6.57621,6.72793,6.8653,6.98996,7.10334,7.20665,7.30098,7.38723,7.46623,7.53866,7.60515,7.66623,7.72238,7.77401,7.82148,7.86513,7.90524,7.94206,7.97582,8.00671,8.03492,8.06061,8.0839,8.10493,8.12381,8.14062,8.15545,8.16838,8.17947,8.18876,8.19631,8.20214,8.20629,8.20877,8.2096,8.20877,8.20629,8.20214,8.19631,8.18876,8.17947,8.16838,8.15545,8.14062,8.12381,8.10493,8.0839,8.06061,8.03492,8.00671,7.97582,7.94206,7.90524,7.86513,7.82148,7.77401,7.72238,7.66623,7.60515,7.53866,7.46623,7.38723,7.30098,7.20665,7.10334,6.98996,6.8653,6.72793,6.57621,6.40823,6.22181,6.01442,5.78315,5.52474,5.23548,4.91137,4.54813,4.14151,3.68766,3.18372,2.62871,2.02461,1.37735,0.6975,0,
0,0.786917,1.54866,2.26498,2.92303,3.51711,4.04704,4.51622,4.92997,5.29429,5.61524,5.89845,6.14896,6.3712,6.56901,6.74564,6.90387,7.04608,7.17426,7.29013,7.39515,7.49057,7.57744,7.65669,7.72912,7.79541,7.85615,7.91187,7.96301,8.00998,8.05313,8.09276,8.12914,8.16251,8.19308,8.22104,8.24656,8.26978,8.29083,8.30982,8.32686,8.34203,8.35542,8.36708,8.37708,8.38546,8.39226,8.39752,8.40126,8.4035,8.40424,8.4035,8.40126,8.39752,8.39226,8.38546,8.37708,8.36708,8.35542,8.34203,8.32686,8.30982,8.29083,8.26978,8.24656,8.22104,8.19308,8.16251,8.12914,8.09276,8.05313,8.00998,7.96301,7.91187,7.85615,7.79541,7.72912,7.65669,7.57744,7.49057,7.39515,7.29013,7.17426,7.04608,6.90387,6.74564,6.56901,6.3712,6.14896,5.89845,5.61524,5.29429,4.92997,4.51622,4.04704,3.51711,2.92303,2.26498,1.54866,0.786917,0,
0,0.901512,1.76538,2.56363,3.28132,3.91464,4.46716,4.94638,5.36121,5.7206,6.03275,6.30485,6.54302,6.75244,6.93738,7.10144,7.24757,7.37824,7.49553,7.60116,7.69658,7.78302,7.86152,7.93298,7.99816,8.0577,8.11217,8.16207,8.20782,8.24979,8.28829,8.32363,8.35604,8.38575,8.41295,8.43782,8.46049,8.48112,8.49981,8.51666,8.53178,8.54524,8.55711,8.56744,8.57631,8.58373,8.58976,8.59442,8.59773,8.59971,8.60037,8.59971,8.59773,8.59442,8.58976,8.58373,8.57631,8.56744,8.55711,8.54524,8.53178,8.51666,8.49981,8.48112,8.46049,8.43782,8.41295,8.38575,8.35604,8.32363,8.28829,8.24979,8.20782,8.16207,8.11217,8.0577,7.99816,7.93298,7.86152,7.78302,7.69658,7.60116,7.49553,7.37824,7.24757,7.10144,6.93738,6.75244,6.54302,6.30485,6.03275,5.7206,5.36121,4.94638,4.46716,3.91464,3.28132,2.56363,1.76538,0.901512,0,
0,1.05376,2.04771,2.94284,3.72398,4.39296,4.9606,5.44091,5.84791,6.19415,6.49031,6.74517,6.96585,7.15813,7.32665,7.47516,7.60671,7.7238,7.82846,7.92239,8.00698,8.0834,8.15265,8.21555,8.27282,8.32505,8.37277,8.41643,8.45641,8.49304,8.52663,8.55743,8.58565,8.61151,8.63516,8.65678,8.67648,8.69439,8.71062,8.72524,8.73836,8.75003,8.76032,8.76929,8.77697,8.7834,8.78863,8.79266,8.79553,8.79725,8.79782,8.79725,8.79553,8.79266,8.78863,8.7834,8.77697,8.76929,8.76032,8.75003,8.73836,8.72524,8.71062,8.69439,8.67648,8.65678,8.63516,8.61151,8.58565,8.55743,8.52663,8.49304,8.45641,8.41643,8.37277,8.32505,8.27282,8.21555,8.15265,8.0834,8.00698,7.92239,7.82846,7.7238,7.60671,7.47516,7.32665,7.15813,6.96585,6.74517,6.49031,6.19415,5.84791,5.44091,4.9606,4.39296,3.72398,2.94284,2.04771,1.05376,0,
0,1.2658,2.42887,3.43603,4.27879,4.97264,5.54137,6.00876,6.39535,6.71779,6.98918,7.21966,7.41709,7.58759,7.73592,7.86584,7.98033,8.08178,8.17213,8.25295,8.32554,8.39097,8.45012,8.50376,8.55252,8.59692,8.63744,8.67447,8.70834,8.73935,8.76776,8.79379,8.81763,8.83946,8.85942,8.87765,8.89426,8.90935,8.92302,8.93534,8.94638,8.95621,8.96487,8.97241,8.97887,8.98429,8.98868,8.99208,8.99449,8.99593,8.99641,8.99593,8.99449,8.99208,8.98868,8.98429,8.97887,8.97241,8.96487,8.95621,8.94638,8.93534,8.92302,8.90935,8.89426,8.87765,8.85942,8.83946,8.81763,8.79379,8.76776,8.73935,8.70834,8.67447,8.63744,8.59692,8.55252,8.50376,8.45012,8.39097,8.32554,8.25295,8.17213,8.08178,7.98033,7.86584,7.73592,7.58759,7.41709,7.21966,6.98918,6.71779,6.39535,6.00876,5.54137,4.97264,4.27879,3.43603,2.42887,1.2658,0,
0,1.58058,2.96592,4.09365,4.98249,5.67744,6.22349,6.6574,7.00693,7.29249,7.52895,7.72719,7.89527,8.03922,8.1636,8.27195,8.36698,8.45087,8.52533,8.59176,8.65127,8.7048,8.75312,8.79686,8.83656,8.87268,8.9056,8.93565,8.96313,8.98826,9.01127,9.03234,9.05163,9.06928,9.08541,9.10014,9.11355,9.12574,9.13677,9.14672,9.15562,9.16355,9.17053,9.17662,9.18183,9.18619,9.18973,9.19247,9.19441,9.19558,9.19596,9.19558,9.19441,9.19247,9.18973,9.18619,9.18183,9.17662,9.17053,9.16355,9.15562,9.14672,9.13677,9.12574,9.11355,9.10014,9.08541,9.06928,9.05163,9.03234,9.01127,8.98826,8.96313,8.93565,8.9056,8.87268,8.83656,8.79686,8.75312,8.7048,8.65127,8.59176,8.52533,8.45087,8.36698,8.27195,8.1636,8.03922,7.89527,7.72719,7.52895,7.29249,7.00693,6.6574,6.22349,5.67744,4.98249,4.09365,2.96592,1.58058,0,
0,2.09061,3.76058,4.99015,5.88009,6.53114,7.01777,7.39041,7.68249,7.91629,8.10693,8.26489,8.39758,8.51041,8.60733,8.69136,8.76478,8.82938,8.88657,8.93747,8.98298,9.02385,9.06068,9.09399,9.12419,9.15163,9.17663,9.19943,9.22025,9.2393,9.25672,9.27267,9.28726,9.30061,9.31281,9.32394,9.33408,9.34328,9.35162,9.35912,9.36585,9.37183,9.3771,9.38169,9.38562,9.38892,9.39159,9.39365,9.39512,9.396,9.39629,9.396,9.39512,9.39365,9.39159,9.38892,9.38562,9.38169,9.3771,9.37183,9.36585,9.35912,9.35162,9.34328,9.33408,9.32394,9.31281,9.30061,9.28726,9.27267,9.25672,9.2393,9.22025,9.19943,9.17663,9.15163,9.12419,9.09399,9.06068,9.02385,8.98298,8.93747,8.88657,8.82938,8.76478,8.69136,8.60733,8.51041,8.39758,8.26489,8.10693,7.91629,7.68249,7.39041,7.01777,6.53114,5.88009,4.99015,3.76058,2.09061,0,
0,3.02128,4.99562,6.22629,7.01657,7.54925,7.92603,8.20398,8.41632,8.58325,8.7176,8.82784,8.91977,8.99749,9.06396,9.12138,9.1714,9.2153,9.25409,9.28856,9.31933,9.34693,9.37178,9.39423,9.41457,9.43304,9.44985,9.46517,9.47916,9.49195,9.50365,9.51435,9.52414,9.5331,9.54127,9.54874,9.55553,9.5617,9.56728,9.57231,9.57682,9.58082,9.58435,9.58743,9.59006,9.59226,9.59405,9.59544,9.59642,9.59701,9.5972,9.59701,9.59642,9.59544,9.59405,9.59226,9.59006,9.58743,9.58435,9.58082,9.57682,9.57231,9.56728,9.5617,9.55553,9.54874,9.54127,9.5331,9.52414,9.51435,9.50365,9.49195,9.47916,9.46517,9.44985,9.43304,9.41457,9.39423,9.37178,9.34693,9.31933,9.28856,9.25409,9.2153,9.1714,9.12138,9.06396,8.99749,8.91977,8.82784,8.7176,8.58325,8.41632,8.20398,7.92603,7.54925,7.01657,6.22629,4.99562,3.02128,0,
0,4.99891,6.97434,7.90282,8.41066,8.72326,8.93311,9.08317,9.19557,9.2828,9.35237,9.4091,9.45617,9.49583,9.52964,9.55879,9.58413,9.60635,9.62595,9.64334,9.65886,9.67277,9.68528,9.69658,9.70681,9.7161,9.72455,9.73225,9.73928,9.7457,9.75158,9.75695,9.76186,9.76635,9.77046,9.7742,9.77761,9.7807,9.7835,9.78602,9.78828,9.79029,9.79206,9.7936,9.79492,9.79603,9.79692,9.79762,9.79811,9.7984,9.7985,9.7984,9.79811,9.79762,9.79692,9.79603,9.79492,9.7936,9.79206,9.79029,9.78828,9.78602,9.7835,9.7807,9.77761,9.7742,9.77046,9.76635,9.76186,9.75695,9.75158,9.7457,9.73928,9.73225,9.72455,9.7161,9.70681,9.69658,9.68528,9.67277,9.65886,9.64334,9.62595,9.60635,9.58413,9.55879,9.52964,9.49583,9.45617,9.4091,9.35237,9.2828,9.19557,9.08317,8.93311,8.72326,8.41066,7.90282,6.97434,4.99891,0,
10,10,10,10,10,10,10,10,10,10,10,10,10,10,10,10,10,10,10,10,10,10,10,10,10,10,10,10,10,10,10,10,10,10,10,10,10,10,10,10,10,10,10,10,10,10,10,10,10,10,10,10,10,10,10,10,10,10,10,10,10,10,10,10,10,10,10,10,10,10,10,10,10,10,10,10,10,10,10,10,10,10,10,10,10,10,10,10,10,10,10,10,10,10,10,10,10,10,10,10,10,
