0 0 0
0 1 0
0 2 0
0 3 0
0 4 0
0 5 0
0 6 0
0 7 0
0 8 0
0 9 0
0 10 0
0 11 0
0 12 0
0 13 0
0 14 0
0 15 0
0 16 0
0 17 0
0 18 0
0 19 0
0 20 0
0 21 0
0 22 0
0 23 0
0 24 0
0 25 0
0 26 0
0 27 0
0 28 0
0 29 0
0 30 0

1 0 0
1 1 0.0121749
1 2 0.0242101
1 3 0.035968
1 4 0.0473154
1 5 0.058125
1 6 0.0682776
1 7 0.0776629
1 8 0.0861811
1 9 0.0937432
1 10 0.100272
1 11 0.105703
1 12 0.109982
1 13 0.113067
1 14 0.11493
1 15 0.115553
1 16 0.11493
1 17 0.113067
1 18 0.109982
1 19 0.105703
1 20 0.100272
1 21 0.0937432
1 22 0.0861811
1 23 0.0776629
1 24 0.0682776
1 25 0.058125
1 26 0.0473154
1 27 0.035968
1 28 0.0242101
1 29 0.0121749
1 30 0

2 0 0
2 1 0.0244895
2 2 0.0486974
2 3 0.0723466
2 4 0.0951685
2 5 0.116907
2 6 0.137322
2 7 0.156193
2 8 0.173318
2 9 0.18852
2 10 0.201643
2 11 0.212557
2 12 0.221156
2 13 0.227357
2 14 0.231101
2 15 0.232353
2 16 0.231101
2 17 0.227357
2 18 0.221156
2 19 0.212557
2 20 0.201643
2 21 0.18852
2 22 0.173318
2 23 0.156193
2 24 0.137322
2 25 0.116907
2 26 0.0951685
2 27 0.0723466
2 28 0.0486974
2 29 0.0244895
2 30 0

3 0 0
3 1 0.0370856
3 2 0.0737434
3 3 0.109552
3 4 0.144105
3 5 0.177013
3 6 0.207912
3 7 0.236468
3 8 0.262379
3 9 0.285374
3 10 0.305223
3 11 0.321728
3 12 0.334729
3 13 0.344104
3 14 0.349763
3 15 0.351656
3 16 0.349763
3 17 0.344104
3 18 0.334729
3 19 0.321728
3 20 0.305223
3 21 0.285374
3 22 0.262379
3 23 0.236468
3 24 0.207912
3 25 0.177013
3 26 0.144105
3 27 0.109552
3 28 0.0737434
3 29 0.0370856
3 30 0

4 0 0
4 1 0.0501096
4 2 0.0996383
4 3 0.148015
4 4 0.194686
4 5 0.239127
4 6 0.280845
4 7 0.31939
4 8 0.354354
4 9 0.385376
4 10 0.412146
4 11 0.434401
4 12 0.451929
4 13 0.464565
4 14 0.472193
4 15 0.474743
4 16 0.472193
4 17 0.464565
4 18 0.451929
4 19 0.434401
4 20 0.412146
4 21 0.385376
4 22 0.354354
4 23 0.31939
4 24 0.280845
4 25 0.239127
4 26 0.194686
4 27 0.148015
4 28 0.0996383
4 29 0.0501096
4 30 0

5 0 0
5 1 0.0637146
5 2 0.126686
5 3 0.188182
5 4 0.247498
5 5 0.303963
5 6 0.356952
5 7 0.405892
5 8 0.45027
5 9 0.489631
5 10 0.523584
5 11 0.551802
5 12 0.57402
5 13 0.590035
5 14 0.5997
5 15 0.602932
5 16 0.5997
5 17 0.590035
5 18 0.57402
5 19 0.551802
5 20 0.523584
5 21 0.489631
5 22 0.45027
5 23 0.405892
5 24 0.356952
5 25 0.303963
5 26 0.247498
5 27 0.188182
5 28 0.126686
5 29 0.0637146
5 30 0

6 0 0
6 1 0.0780632
6 2 0.155207
6 3 0.23053
6 4 0.30316
6 5 0.372274
6 6 0.437107
6 7 0.496958
6 8 0.551203
6 9 0.599293
6 10 0.640757
6 11 0.675203
6 12 0.702316
6 13 0.721852
6 14 0.733642
6 15 0.737583
6 16 0.733642
6 17 0.721852
6 18 0.702316
6 19 0.675203
6 20 0.640757
6 21 0.599293
6 22 0.551203
6 23 0.496958
6 24 0.437107
6 25 0.372274
6 26 0.30316
6 27 0.23053
6 28 0.155207
6 29 0.0780632
6 30 0

7 0 0
7 1 0.093331
7 2 0.185551
7 3 0.27557
7 4 0.362339
7 5 0.444868
7 6 0.522243
7 7 0.59363
7 8 0.658291
7 9 0.71558
7 10 0.764948
7 11 0.805938
7 12 0.838188
7 13 0.861417
7 14 0.875432
7 15 0.880117
7 16 0.875432
7 17 0.861417
7 18 0.838188
7 19 0.805938
7 20 0.764948
7 21 0.71558
7 22 0.658291
7 23 0.59363
7 24 0.522243
7 25 0.444868
7 26 0.362339
7 27 0.27557
7 28 0.185551
7 29 0.093331
7 30 0

8 0 0
8 1 0.10971
8 2 0.218095
8 3 0.323859
8 4 0.425756
8 5 0.522617
8 6 0.613366
8 7 0.69703
8 8 0.772751
8 9 0.839789
8 10 0.897515
8 11 0.945415
8 12 0.983079
8 13 1.0102
8 14 1.02655
8 15 1.03202
8 16 1.02655
8 17 1.0102
8 18 0.983079
8 19 0.945415
8 20 0.897515
8 21 0.839789
8 22 0.772751
8 23 0.69703
8 24 0.613366
8 25 0.522617
8 26 0.425756
8 27 0.323859
8 28 0.218095
8 29 0.10971
8 30 0

9 0 0
9 1 0.127414
9 2 0.253262
9 3 0.376015
9 4 0.49421
9 5 0.606479
9 6 0.711573
9 7 0.808371
9 8 0.895896
9 9 0.973309
9 10 1.03991
9 11 1.09513
9 12 1.13852
9 13 1.16974
9 14 1.18856
9 15 1.19485
9 16 1.18856
9 17 1.16974
9 18 1.13852
9 19 1.09513
9 20 1.03991
9 21 0.973309
9 22 0.895896
9 23 0.808371
9 24 0.711573
9 25 0.606479
9 26 0.49421
9 27 0.376015
9 28 0.253262
9 29 0.127414
9 30 0

10 0 0
10 1 0.146682
10 2 0.291524
10 3 0.432729
10 4 0.568589
10 5 0.697517
10 6 0.818075
10 7 0.928987
10 8 1.02915
10 9 1.11764
10 10 1.19368
10 11 1.25667
10 12 1.30612
10 13 1.34168
10 14 1.36311
10 15 1.37027
10 16 1.36311
10 17 1.34168
10 18 1.30612
10 19 1.25667
10 20 1.19368
10 21 1.11764
10 22 1.02915
10 23 0.928987
10 24 0.818075
10 25 0.697517
10 26 0.568589
10 27 0.432729
10 28 0.291524
10 29 0.146682
10 30 0

11 0 0
11 1 0.167792
11 2 0.333422
11 3 0.494788
11 4 0.649901
11 5 0.796926
11 6 0.934221
11 7 1.06035
11 8 1.17409
11 9 1.27442
11 10 1.36052
11 11 1.43175
11 12 1.48761
11 13 1.52775
11 14 1.55193
11 15 1.56
11 16 1.55193
11 17 1.52775
11 18 1.48761
11 19 1.43175
11 20 1.36052
11 21 1.27442
11 22 1.17409
11 23 1.06035
11 24 0.934221
11 25 0.796926
11 26 0.649901
11 27 0.494788
11 28 0.333422
11 29 0.167792
11 30 0

12 0 0
12 1 0.191063
12 2 0.379584
12 3 0.563101
12 4 0.739298
12 5 0.906066
12 6 1.06154
12 7 1.2041
12 8 1.33243
12 9 1.44542
12 10 1.54223
12 11 1.62219
12 12 1.68482
12 13 1.72978
12 14 1.75684
12 15 1.76588
12 16 1.75684
12 17 1.72978
12 18 1.68482
12 19 1.62219
12 20 1.54223
12 21 1.44542
12 22 1.33243
12 23 1.2041
12 24 1.06154
12 25 0.906066
12 26 0.739298
12 27 0.563101
12 28 0.379584
12 29 0.191063
12 30 0

13 0 0
13 1 0.216875
13 2 0.430751
13 3 0.638734
13 4 0.838127
13 5 1.0265
13 6 1.20175
13 7 1.3621
13 8 1.5061
13 9 1.63261
13 10 1.74078
13 11 1.82996
13 12 1.89971
13 13 1.94972
13 14 1.97979
13 15 1.98982
13 16 1.97979
13 17 1.94972
13 18 1.89971
13 19 1.82996
13 20 1.74078
13 21 1.63261
13 22 1.5061
13 23 1.3621
13 24 1.20175
13 25 1.0265
13 26 0.838127
13 27 0.638734
13 28 0.430751
13 29 0.216875
13 30 0

14 0 0
14 1 0.245686
14 2 0.487811
14 3 0.722957
14 4 0.947971
14 5 1.16007
14 6 1.35687
14 7 1.53644
14 8 1.69725
14 9 1.83816
14 10 1.95832
14 11 2.05717
14 12 2.13434
14 13 2.18958
14 14 2.22277
14 15 2.23384
14 16 2.22277
14 17 2.18958
14 18 2.13434
14 19 2.05717
14 20 1.95832
14 21 1.83816
14 22 1.69725
14 23 1.53644
14 24 1.35687
14 25 1.16007
14 26 0.947971
14 27 0.722957
14 28 0.487811
14 29 0.245686
14 30 0

15 0 0
15 1 0.278059
15 2 0.551852
15 3 0.81731
15 4 1.07074
15 5 1.30892
15 6 1.52922
15 7 1.72954
15 8 1.90831
15 9 2.06444
15 10 2.19717
15 11 2.30607
15 12 2.39089
15 13 2.4515
15 14 2.48788
15 15 2.5
15 16 2.48788
15 17 2.4515
15 18 2.39089
15 19 2.30607
15 20 2.19717
15 21 2.06444
15 22 1.90831
15 23 1.72954
15 24 1.52922
15 25 1.30892
15 26 1.07074
15 27 0.81731
15 28 0.551852
15 29 0.278059
15 30 0

16 0 0
16 1 0.314699
16 2 0.624226
16 3 0.923695
16 4 1.20874
16 5 1.47567
16 6 1.72155
16 7 1.94418
16 8 2.14203
16 9 2.31411
16 10 2.45986
16 11 2.57905
16 12 2.67163
16 13 2.73766
16 14 2.77723
16 15 2.79041
16 16 2.77723
16 17 2.73766
16 18 2.67163
16 19 2.57905
16 20 2.45986
16 21 2.31411
16 22 2.14203
16 23 1.94418
16 24 1.72155
16 25 1.47567
16 26 1.20874
16 27 0.923695
16 28 0.624226
16 29 0.314699
16 30 0

17 0 0
17 1 0.35651
17 2 0.70666
17 3 1.0445
17 4 1.36485
17 5 1.66347
17 6 1.93713
17 7 2.18361
17 8 2.40151
17 9 2.59009
17 10 2.74911
17 11 2.87865
17 12 2.97894
17 13 3.05028
17 14 3.09297
17 15 3.10717
17 16 3.09297
17 17 3.05028
17 18 2.97894
17 19 2.87865
17 20 2.74911
17 21 2.59009
17 22 2.40151
17 23 2.18361
17 24 1.93713
17 25 1.66347
17 26 1.36485
17 27 1.0445
17 28 0.70666
17 29 0.35651
17 30 0

18 0 0
18 1 0.40468
18 2 0.801397
18 3 1.18281
18 4 1.5427
18 5 1.87621
18 6 2.1799
18 7 2.45163
18 8 2.69031
18 9 2.89564
18 10 3.06786
18 11 3.20748
18 12 3.31518
18 13 3.39157
18 14 3.43718
18 15 3.45235
18 16 3.43718
18 17 3.39157
18 18 3.31518
18 19 3.20748
18 20 3.06786
18 21 2.89564
18 22 2.69031
18 23 2.45163
18 24 2.1799
18 25 1.87621
18 26 1.5427
18 27 1.18281
18 28 0.801397
18 29 0.40468
18 30 0

19 0 0
19 1 0.460814
19 2 0.911437
19 3 1.34265
19 4 1.74693
19 5 2.11876
19 6 2.45463
19 7 2.75269
19 8 3.01246
19 9 3.23431
19 10 3.41918
19 11 3.56825
19 12 3.68272
19 13 3.76364
19 14 3.81185
19 15 3.82786
19 16 3.81185
19 17 3.76364
19 18 3.68272
19 19 3.56825
19 20 3.41918
19 21 3.23431
19 22 3.01246
19 23 2.75269
19 24 2.45463
19 25 2.11876
19 26 1.74693
19 27 1.34265
19 28 0.911437
19 29 0.460814
19 30 0

20 0 0
20 1 0.52714
20 2 1.04088
20 3 1.52942
20 4 1.9836
20 5 2.39729
20 6 2.76715
20 7 3.09206
20 8 3.37252
20 9 3.60996
20 10 3.80632
20 11 3.96363
20 12 4.0838
20 13 4.16842
20 14 4.21871
20 15 4.23539
20 16 4.21871
20 17 4.16842
20 18 4.0838
20 19 3.96363
20 20 3.80632
20 21 3.60996
20 22 3.37252
20 23 3.09206
20 24 2.76715
20 25 2.39729
20 26 1.9836
20 27 1.52942
20 28 1.04088
20 29 0.52714
20 30 0

21 0 0
21 1 0.60686
21 2 1.19554
21 3 1.75055
21 4 2.26077
21 5 2.71966
21 6 3.1246
21 7 3.47589
21 8 3.77559
21 9 4.02669
21 10 4.23249
21 11 4.39615
21 12 4.52042
21 13 4.60755
21 14 4.65918
21 15 4.67627
21 16 4.65918
21 17 4.60755
21 18 4.52042
21 19 4.39615
21 20 4.23249
21 21 4.02669
21 22 3.77559
21 23 3.47589
21 24 3.1246
21 25 2.71966
21 26 2.26077
21 27 1.75055
21 28 1.19554
21 29 0.60686
21 30 0

22 0 0
22 1 0.704766
22 2 1.38384
22 3 2.01648
22 4 2.58928
22 5 3.09595
22 6 3.53573
22 7 3.91131
22 8 4.22725
22 9 4.48873
22 10 4.70082
22 11 4.86804
22 12 4.99418
22 13 5.08219
22 14 5.13417
22 15 5.15135
22 16 5.13417
22 17 5.08219
22 18 4.99418
22 19 4.86804
22 20 4.70082
22 21 4.48873
22 22 4.22725
22 23 3.91131
22 24 3.53573
22 25 3.09595
22 26 2.58928
22 27 2.01648
22 28 1.38384
22 29 0.704766
22 30 0

23 0 0
23 1 0.828359
23 2 1.61859
23 3 2.34226
23 4 2.9839
23 5 3.53916
23 6 4.01104
23 7 4.40637
23 8 4.73337
23 9 5.00016
23 10 5.214
23 11 5.38102
23 12 5.50608
23 13 5.59287
23 14 5.64394
23 15 5.6608
23 16 5.64394
23 17 5.59287
23 18 5.50608
23 19 5.38102
23 20 5.214
23 21 5.00016
23 22 4.73337
23 23 4.40637
23 24 4.01104
23 25 3.53916
23 26 2.9839
23 27 2.34226
23 28 1.61859
23 29 0.828359
23 30 0

24 0 0
24 1 0.990074
24 2 1.91992
24 3 2.75006
24 4 3.46489
24 5 4.06574
24 6 4.56289
24 7 4.96976
24 8 5.29971
24 9 5.56453
24 10 5.77402
24 11 5.93595
24 12 6.05625
24 13 6.13926
24 14 6.18794
24 15 6.20397
24 16 6.18794
24 17 6.13926
24 18 6.05625
24 19 5.93595
24 20 5.77402
24 21 5.56453
24 22 5.29971
24 23 4.96976
24 24 4.56289
24 25 4.06574
24 26 3.46489
24 27 2.75006
24 28 1.91992
24 29 0.990074
24 30 0

25 0 0
25 1 1.21202
25 2 2.32093
25 3 3.27318
25 4 4.05986
25 5 4.69604
25 6 5.20503
25 7 5.61008
25 8 5.93116
25 9 6.18423
25 10 6.38161
25 11 6.53251
25 12 6.64371
25 13 6.72
25 14 6.76456
25 15 6.77922
25 16 6.76456
25 17 6.72
25 18 6.64371
25 19 6.53251
25 20 6.38161
25 21 6.18423
25 22 5.93116
25 23 5.61008
25 24 5.20503
25 25 4.69604
25 26 4.05986
25 27 3.27318
25 28 2.32093
25 29 1.21202
25 30 0

26 0 0
26 1 1.53708
26 2 2.8786
26 3 3.96189
26 4 4.80531
26 5 5.45352
26 6 5.95111
26 7 6.33438
26 8 6.63061
26 9 6.85964
26 10 7.03566
26 11 7.16877
26 12 7.26607
26 13 7.33246
26 14 7.3711
26 15 7.38379
26 16 7.3711
26 17 7.33246
26 18 7.26607
26 19 7.16877
26 20 7.03566
26 21 6.85964
26 22 6.63061
26 23 6.33438
26 24 5.95111
26 25 5.45352
26 26 4.80531
26 27 3.96189
26 28 2.8786
26 29 1.53708
26 30 0

27 0 0
27 1 2.0577
27 2 3.69451
27 3 4.89045
27 4 5.74599
27 5 6.36162
27 6 6.8115
27 7 7.1457
27 8 7.39728
27 9 7.58806
27 10 7.73262
27 11 7.84083
27 12 7.91936
27 13 7.97266
27 14 8.00359
27 15 8.01373
27 16 8.00359
27 17 7.97266
27 18 7.91936
27 19 7.84083
27 20 7.73262
27 21 7.58806
27 22 7.39728
27 23 7.1457
27 24 6.8115
27 25 6.36162
27 26 5.74599
27 27 4.89045
27 28 3.69451
27 29 2.0577
27 30 0

28 0 0
28 1 2.99921
28 2 4.9513
28 3 6.1594
28 4 6.92659
28 5 7.43548
28 6 7.78755
28 7 8.03966
28 8 8.22474
28 9 8.36268
28 10 8.46595
28 11 8.54258
28 12 8.59786
28 13 8.63523
28 14 8.65686
28 15 8.66394
28 16 8.65686
28 17 8.63523
28 18 8.59786
28 19 8.54258
28 20 8.46595
28 21 8.36268
28 22 8.22474
28 23 8.03966
28 24 7.78755
28 25 7.43548
28 26 6.92659
28 27 6.1594
28 28 4.9513
28 29 2.99921
28 30 0

29 0 0
29 1 4.98783
29 2 6.95209
29 3 7.86925
29 4 8.36549
29 5 8.66614
29 6 8.86359
29 7 9.00065
29 8 9.09934
29 9 9.17198
29 10 9.22591
29 11 9.26569
29 12 9.29428
29 13 9.31355
29 14 9.32468
29 15 9.32833
29 16 9.32468
29 17 9.31355
29 18 9.29428
29 19 9.26569
29 20 9.22591
29 21 9.17198
29 22 9.09934
29 23 9.00065
29 24 8.86359
29 25 8.66614
29 26 8.36549
29 27 7.86925
29 28 6.95209
29 29 4.98783
29 30 0

30 0 10
30 1 10
30 2 10
30 3 10
30 4 10
30 5 10
30 6 10
30 7 10
30 8 10
30 9 10
30 10 10
30 11 10
30 12 10
30 13 10
30 14 10
30 15 10
30 16 10
30 17 10
30 18 10
30 19 10
30 20 10
30 21 10
30 22 10
30 23 10
30 24 10
30 25 10
30 26 10
30 27 10
30 28 10
30 29 10
30 30 10

